HITId,HITTypeId,Title,Description,Keywords,Reward,CreationTime,MaxAssignments,RequesterAnnotation,AssignmentDurationInSeconds,AutoApprovalDelayInSeconds,Expiration,NumberOfSimilarHITs,LifetimeInSeconds,AssignmentId,WorkerId,AssignmentStatus,AcceptTime,SubmitTime,AutoApprovalTime,ApprovalTime,RejectionTime,RequesterFeedback,WorkTimeInSeconds,LifetimeApprovalRate,Last30DaysApprovalRate,Last7DaysApprovalRate,Input.vid_url,Answer.answer,Approve,Reject
3EGKVCRQFW593HH6PIR9Z2EZPMYBYI,3JEJVC0BACP0ACQ5IL1815R6EAPNK8,Record the start time and stop time of all diving actions in a 1min video,Record the start time and stop time of all diving instances in a ~1min video,"video, segmentation, label",$0.05,Wed Aug 23 14:12:43 PDT 2017,5,BatchId:2916360;OriginalHitTemplateId:920937336;,3600,604800,Wed Aug 30 14:12:43 PDT 2017,,,36ZN444YTSBAJVP4F7FU7IFWIQTIO0,A1KXZAEFL58Z1E,Submitted,Wed Aug 23 18:46:05 PDT 2017,Wed Aug 23 18:49:28 PDT 2017,Wed Aug 30 18:49:28 PDT 2017,,,,203,0% (0/0),0% (0/0),0% (0/0),http://svcl.ucsd.edu/~yingwei/internal/diving_share/firstphase/video_first10/cYkUl8MrXgA_000.mp4,"[{""action1"":"""",""action2"":"""",""action3"":"""",""action4"":"""",""athelete_name"":"""",""cam_view"":"""",""position"":"""",""slow_motion"":false,""start_time"":-1,""stop_time"":-1,""dive"":"""",""difficulty"":0,""comment"":"""",""score_time"":-1,""exe_score"":"""",""instances"":[{""cam_view"":""side"",""slow_motion"":false,""stop_time"":5,""start_time"":2},{""cam_view"":""side"",""slow_motion"":true,""stop_time"":19,""start_time"":13},{""cam_view"":""top"",""slow_motion"":false,""stop_time"":25,""start_time"":21}]}]",x,
3EGKVCRQFW593HH6PIR9Z2EZPMYBYI,3JEJVC0BACP0ACQ5IL1815R6EAPNK8,Record the start time and stop time of all diving actions in a 1min video,Record the start time and stop time of all diving instances in a ~1min video,"video, segmentation, label",$0.05,Wed Aug 23 14:12:43 PDT 2017,5,BatchId:2916360;OriginalHitTemplateId:920937336;,3600,604800,Wed Aug 30 14:12:43 PDT 2017,,,39DD6S19JQOA2U1PLX0K21O8A1PZEA,A3RBW8WN8OUJOJ,Submitted,Wed Aug 23 19:01:11 PDT 2017,Wed Aug 23 19:05:40 PDT 2017,Wed Aug 30 19:05:40 PDT 2017,,,,269,0% (0/0),0% (0/0),0% (0/0),http://svcl.ucsd.edu/~yingwei/internal/diving_share/firstphase/video_first10/cYkUl8MrXgA_000.mp4,"[{""action1"":"""",""action2"":"""",""action3"":"""",""action4"":"""",""athelete_name"":"""",""cam_view"":"""",""position"":"""",""slow_motion"":false,""start_time"":-1,""stop_time"":-1,""dive"":"""",""difficulty"":0,""comment"":"""",""score_time"":-1,""exe_score"":"""",""instances"":[{""cam_view"":""side"",""slow_motion"":false,""stop_time"":5.19,""start_time"":3.08},{""cam_view"":""side"",""slow_motion"":true,""stop_time"":19.79,""start_time"":13.45},{""cam_view"":""top"",""slow_motion"":true,""stop_time"":26,""start_time"":21}]}]",x,
3EGKVCRQFW593HH6PIR9Z2EZPMYBYI,3JEJVC0BACP0ACQ5IL1815R6EAPNK8,Record the start time and stop time of all diving actions in a 1min video,Record the start time and stop time of all diving instances in a ~1min video,"video, segmentation, label",$0.05,Wed Aug 23 14:12:43 PDT 2017,5,BatchId:2916360;OriginalHitTemplateId:920937336;,3600,604800,Wed Aug 30 14:12:43 PDT 2017,,,3IAEQB9FMFX1GTIKEF5TXFC5TNFWDJ,A3IDSTX0YIA8G2,Submitted,Wed Aug 23 16:20:53 PDT 2017,Wed Aug 23 16:23:08 PDT 2017,Wed Aug 30 16:23:08 PDT 2017,,,,135,0% (0/0),0% (0/0),0% (0/0),http://svcl.ucsd.edu/~yingwei/internal/diving_share/firstphase/video_first10/cYkUl8MrXgA_000.mp4,"[{""action1"":"""",""action2"":"""",""action3"":"""",""action4"":"""",""athelete_name"":"""",""cam_view"":"""",""position"":"""",""slow_motion"":false,""start_time"":-1,""stop_time"":-1,""dive"":"""",""difficulty"":0,""comment"":"""",""score_time"":-1,""exe_score"":"""",""instances"":[{""cam_view"":""side"",""slow_motion"":false,""stop_time"":4.83,""start_time"":1.25},{""cam_view"":""side"",""slow_motion"":true,""stop_time"":18.95,""start_time"":13.55},{""cam_view"":""side"",""slow_motion"":true,""stop_time"":25.26,""start_time"":21.83}]}]",x,
3EGKVCRQFW593HH6PIR9Z2EZPMYBYI,3JEJVC0BACP0ACQ5IL1815R6EAPNK8,Record the start time and stop time of all diving actions in a 1min video,Record the start time and stop time of all diving instances in a ~1min video,"video, segmentation, label",$0.05,Wed Aug 23 14:12:43 PDT 2017,5,BatchId:2916360;OriginalHitTemplateId:920937336;,3600,604800,Wed Aug 30 14:12:43 PDT 2017,,,3O7L7BFSHF2O74CFLTCY26LIEOMEIR,A1JX27PY35GDFR,Submitted,Wed Aug 23 18:27:22 PDT 2017,Wed Aug 23 18:30:56 PDT 2017,Wed Aug 30 18:30:56 PDT 2017,,,,214,0% (0/0),0% (0/0),0% (0/0),http://svcl.ucsd.edu/~yingwei/internal/diving_share/firstphase/video_first10/cYkUl8MrXgA_000.mp4,"[{""action1"":"""",""action2"":"""",""action3"":"""",""action4"":"""",""athelete_name"":"""",""cam_view"":"""",""position"":"""",""slow_motion"":false,""start_time"":-1,""stop_time"":-1,""dive"":"""",""difficulty"":0,""comment"":"""",""score_time"":-1,""exe_score"":"""",""instances"":[{""cam_view"":""side"",""slow_motion"":false,""stop_time"":5.71,""start_time"":2.76},{""cam_view"":""side"",""slow_motion"":true,""stop_time"":19.63,""start_time"":13},{""cam_view"":""top"",""slow_motion"":true,""stop_time"":26,""start_time"":21}]}]",x,
3EGKVCRQFW593HH6PIR9Z2EZPMYBYI,3JEJVC0BACP0ACQ5IL1815R6EAPNK8,Record the start time and stop time of all diving actions in a 1min video,Record the start time and stop time of all diving instances in a ~1min video,"video, segmentation, label",$0.05,Wed Aug 23 14:12:43 PDT 2017,5,BatchId:2916360;OriginalHitTemplateId:920937336;,3600,604800,Wed Aug 30 14:12:43 PDT 2017,,,3RJSC4XJ117D4Q2662UPS8F9F1550L,A1VSFVHC6N3FSB,Submitted,Wed Aug 23 17:12:47 PDT 2017,Wed Aug 23 17:13:26 PDT 2017,Wed Aug 30 17:13:26 PDT 2017,,,,39,0% (0/0),0% (0/0),0% (0/0),http://svcl.ucsd.edu/~yingwei/internal/diving_share/firstphase/video_first10/cYkUl8MrXgA_000.mp4,"[{""action1"":"""",""action2"":"""",""action3"":"""",""action4"":"""",""athelete_name"":"""",""cam_view"":"""",""position"":"""",""slow_motion"":false,""start_time"":-1,""stop_time"":-1,""dive"":"""",""difficulty"":0,""comment"":"""",""score_time"":-1,""exe_score"":"""",""instances"":[{""cam_view"":""front"",""slow_motion"":true,""stop_time"":4.53,""start_time"":3.08},{""cam_view"":""side"",""slow_motion"":false,""stop_time"":0,""start_time"":0},{""cam_view"":""side"",""slow_motion"":false,""stop_time"":0,""start_time"":0}]}]",,You only label one or less instance which doesn't meet our demand.
3I7KR83SNAQVVJDSNJCMZO4Y37M9KB,3JEJVC0BACP0ACQ5IL1815R6EAPNK8,Record the start time and stop time of all diving actions in a 1min video,Record the start time and stop time of all diving instances in a ~1min video,"video, segmentation, label",$0.05,Wed Aug 23 14:12:43 PDT 2017,5,BatchId:2916360;OriginalHitTemplateId:920937336;,3600,604800,Wed Aug 30 14:12:43 PDT 2017,,,33UKMF931AXG51AN500XFZNSSFOTTC,A18Q96TEN80REC,Submitted,Wed Aug 23 17:38:48 PDT 2017,Wed Aug 23 17:39:57 PDT 2017,Wed Aug 30 17:39:57 PDT 2017,,,,69,0% (0/0),0% (0/0),0% (0/0),http://svcl.ucsd.edu/~yingwei/internal/diving_share/firstphase/video_first10/egsanPCCIzQ_011.mp4,"[{""action1"":"""",""action2"":"""",""action3"":"""",""action4"":"""",""athelete_name"":"""",""cam_view"":"""",""position"":"""",""slow_motion"":false,""start_time"":-1,""stop_time"":-1,""dive"":"""",""difficulty"":0,""comment"":"""",""score_time"":-1,""exe_score"":"""",""instances"":[{""cam_view"":""front"",""slow_motion"":false,""stop_time"":11.25,""start_time"":6.48},{""cam_view"":""front"",""slow_motion"":false,""stop_time"":10.77,""start_time"":5.51},{""cam_view"":""front"",""slow_motion"":false,""stop_time"":11.46,""start_time"":6.21}]}]",x,
3I7KR83SNAQVVJDSNJCMZO4Y37M9KB,3JEJVC0BACP0ACQ5IL1815R6EAPNK8,Record the start time and stop time of all diving actions in a 1min video,Record the start time and stop time of all diving instances in a ~1min video,"video, segmentation, label",$0.05,Wed Aug 23 14:12:43 PDT 2017,5,BatchId:2916360;OriginalHitTemplateId:920937336;,3600,604800,Wed Aug 30 14:12:43 PDT 2017,,,3FIUS151DWF8VR2B102JHXTECR7GGG,A3HAW46X9SUB3G,Submitted,Wed Aug 23 16:56:58 PDT 2017,Wed Aug 23 16:59:39 PDT 2017,Wed Aug 30 16:59:39 PDT 2017,,,,161,0% (0/0),0% (0/0),0% (0/0),http://svcl.ucsd.edu/~yingwei/internal/diving_share/firstphase/video_first10/egsanPCCIzQ_011.mp4,"[{""action1"":"""",""action2"":"""",""action3"":"""",""action4"":"""",""athelete_name"":"""",""cam_view"":"""",""position"":"""",""slow_motion"":false,""start_time"":-1,""stop_time"":-1,""dive"":"""",""difficulty"":0,""comment"":"""",""score_time"":-1,""exe_score"":"""",""instances"":[{""cam_view"":""side"",""slow_motion"":false,""stop_time"":10.99,""start_time"":5.73},{""cam_view"":""front"",""slow_motion"":true,""stop_time"":29.17,""start_time"":22.6}]}]",x,
3I7KR83SNAQVVJDSNJCMZO4Y37M9KB,3JEJVC0BACP0ACQ5IL1815R6EAPNK8,Record the start time and stop time of all diving actions in a 1min video,Record the start time and stop time of all diving instances in a ~1min video,"video, segmentation, label",$0.05,Wed Aug 23 14:12:43 PDT 2017,5,BatchId:2916360;OriginalHitTemplateId:920937336;,3600,604800,Wed Aug 30 14:12:43 PDT 2017,,,3LRKMWOKB6UI7EP9SD5J00FJDYY2ZA,A2JIX5DT2MAOSO,Submitted,Wed Aug 23 17:53:30 PDT 2017,Wed Aug 23 17:57:10 PDT 2017,Wed Aug 30 17:57:10 PDT 2017,,,,220,0% (0/0),0% (0/0),0% (0/0),http://svcl.ucsd.edu/~yingwei/internal/diving_share/firstphase/video_first10/egsanPCCIzQ_011.mp4,"[{""action1"":"""",""action2"":"""",""action3"":"""",""action4"":"""",""athelete_name"":"""",""cam_view"":"""",""position"":"""",""slow_motion"":false,""start_time"":-1,""stop_time"":-1,""dive"":"""",""difficulty"":0,""comment"":"""",""score_time"":-1,""exe_score"":"""",""instances"":[{""cam_view"":""side"",""slow_motion"":false,""stop_time"":9.41,""start_time"":4.52},{""cam_view"":""front"",""slow_motion"":true,""stop_time"":27.88,""start_time"":23.03}]}]",x,
3I7KR83SNAQVVJDSNJCMZO4Y37M9KB,3JEJVC0BACP0ACQ5IL1815R6EAPNK8,Record the start time and stop time of all diving actions in a 1min video,Record the start time and stop time of all diving instances in a ~1min video,"video, segmentation, label",$0.05,Wed Aug 23 14:12:43 PDT 2017,5,BatchId:2916360;OriginalHitTemplateId:920937336;,3600,604800,Wed Aug 30 14:12:43 PDT 2017,,,3TXD01ZLD5UBOTAMQ4PZCNX2VU9U43,A3OZTRVA24QHP,Submitted,Wed Aug 23 15:54:42 PDT 2017,Wed Aug 23 15:56:19 PDT 2017,Wed Aug 30 15:56:19 PDT 2017,,,,97,0% (0/0),0% (0/0),0% (0/0),http://svcl.ucsd.edu/~yingwei/internal/diving_share/firstphase/video_first10/egsanPCCIzQ_011.mp4,"[{""action1"":"""",""action2"":"""",""action3"":"""",""action4"":"""",""athelete_name"":"""",""cam_view"":"""",""position"":"""",""slow_motion"":false,""start_time"":-1,""stop_time"":-1,""dive"":"""",""difficulty"":0,""comment"":"""",""score_time"":-1,""exe_score"":"""",""instances"":[{""cam_view"":""side"",""slow_motion"":false,""stop_time"":11.84,""start_time"":5.11},{""cam_view"":""side"",""slow_motion"":false,""stop_time"":29.03,""start_time"":22.53},{""cam_view"":""side"",""slow_motion"":false,""stop_time"":0,""start_time"":0}]}]",x,
3I7KR83SNAQVVJDSNJCMZO4Y37M9KB,3JEJVC0BACP0ACQ5IL1815R6EAPNK8,Record the start time and stop time of all diving actions in a 1min video,Record the start time and stop time of all diving instances in a ~1min video,"video, segmentation, label",$0.05,Wed Aug 23 14:12:43 PDT 2017,5,BatchId:2916360;OriginalHitTemplateId:920937336;,3600,604800,Wed Aug 30 14:12:43 PDT 2017,,,3Z7ISHFUH18TTTRY8UEKARSMZYP8ZI,A1VSFVHC6N3FSB,Submitted,Wed Aug 23 17:22:12 PDT 2017,Wed Aug 23 17:22:45 PDT 2017,Wed Aug 30 17:22:45 PDT 2017,,,,33,0% (0/0),0% (0/0),0% (0/0),http://svcl.ucsd.edu/~yingwei/internal/diving_share/firstphase/video_first10/egsanPCCIzQ_011.mp4,"[{""action1"":"""",""action2"":"""",""action3"":"""",""action4"":"""",""athelete_name"":"""",""cam_view"":"""",""position"":"""",""slow_motion"":false,""start_time"":-1,""stop_time"":-1,""dive"":"""",""difficulty"":0,""comment"":"""",""score_time"":-1,""exe_score"":"""",""instances"":[{""cam_view"":""front"",""slow_motion"":false,""stop_time"":9.1,""start_time"":7.49},{""cam_view"":""side"",""slow_motion"":false,""stop_time"":0,""start_time"":0},{""cam_view"":""side"",""slow_motion"":false,""stop_time"":0,""start_time"":0}]}]",x,
3087LXLJ6MT2J3X1MC2WQ0B0S7BF03,3JEJVC0BACP0ACQ5IL1815R6EAPNK8,Record the start time and stop time of all diving actions in a 1min video,Record the start time and stop time of all diving instances in a ~1min video,"video, segmentation, label",$0.05,Wed Aug 23 14:12:43 PDT 2017,5,BatchId:2916360;OriginalHitTemplateId:920937336;,3600,604800,Wed Aug 30 14:12:43 PDT 2017,,,34YB12FSQZ18N1YXC30EU2DB8DLGMQ,A2SWFUEA0QH29B,Submitted,Wed Aug 23 18:26:50 PDT 2017,Wed Aug 23 18:28:48 PDT 2017,Wed Aug 30 18:28:48 PDT 2017,,,,118,0% (0/0),0% (0/0),0% (0/0),http://svcl.ucsd.edu/~yingwei/internal/diving_share/firstphase/video_first10/egsanPCCIzQ_034.mp4,"[{""action1"":"""",""action2"":"""",""action3"":"""",""action4"":"""",""athelete_name"":"""",""cam_view"":"""",""position"":"""",""slow_motion"":false,""start_time"":-1,""stop_time"":-1,""dive"":"""",""difficulty"":0,""comment"":"""",""score_time"":-1,""exe_score"":"""",""instances"":[{""cam_view"":""side"",""slow_motion"":false,""stop_time"":27.42,""start_time"":21.32},{""cam_view"":""side"",""slow_motion"":true,""stop_time"":46.59,""start_time"":37.39},{""cam_view"":""back"",""slow_motion"":true,""stop_time"":52.04,""start_time"":46.95}]}]",x,
3087LXLJ6MT2J3X1MC2WQ0B0S7BF03,3JEJVC0BACP0ACQ5IL1815R6EAPNK8,Record the start time and stop time of all diving actions in a 1min video,Record the start time and stop time of all diving instances in a ~1min video,"video, segmentation, label",$0.05,Wed Aug 23 14:12:43 PDT 2017,5,BatchId:2916360;OriginalHitTemplateId:920937336;,3600,604800,Wed Aug 30 14:12:43 PDT 2017,,,369J354OFEN6YYD5PNTX56GPID46G4,A64OWHYGADH5J,Submitted,Wed Aug 23 16:37:08 PDT 2017,Wed Aug 23 16:38:21 PDT 2017,Wed Aug 30 16:38:21 PDT 2017,,,,73,0% (0/0),0% (0/0),0% (0/0),http://svcl.ucsd.edu/~yingwei/internal/diving_share/firstphase/video_first10/egsanPCCIzQ_034.mp4,"[{""action1"":"""",""action2"":"""",""action3"":"""",""action4"":"""",""athelete_name"":"""",""cam_view"":"""",""position"":"""",""slow_motion"":false,""start_time"":-1,""stop_time"":-1,""dive"":"""",""difficulty"":0,""comment"":"""",""score_time"":-1,""exe_score"":"""",""instances"":[{""cam_view"":""side"",""slow_motion"":false,""stop_time"":26.83,""start_time"":21.92},{""cam_view"":""side"",""slow_motion"":true,""stop_time"":45.94,""start_time"":38.13},{""cam_view"":""back"",""slow_motion"":false,""stop_time"":51.3,""start_time"":47}]}]",x,
3087LXLJ6MT2J3X1MC2WQ0B0S7BF03,3JEJVC0BACP0ACQ5IL1815R6EAPNK8,Record the start time and stop time of all diving actions in a 1min video,Record the start time and stop time of all diving instances in a ~1min video,"video, segmentation, label",$0.05,Wed Aug 23 14:12:43 PDT 2017,5,BatchId:2916360;OriginalHitTemplateId:920937336;,3600,604800,Wed Aug 30 14:12:43 PDT 2017,,,36ZN444YTSBAJVP4F7FU7IFWIQQOI3,A1VSFVHC6N3FSB,Submitted,Wed Aug 23 16:58:26 PDT 2017,Wed Aug 23 16:59:31 PDT 2017,Wed Aug 30 16:59:31 PDT 2017,,,,65,0% (0/0),0% (0/0),0% (0/0),http://svcl.ucsd.edu/~yingwei/internal/diving_share/firstphase/video_first10/egsanPCCIzQ_034.mp4,"[{""action1"":"""",""action2"":"""",""action3"":"""",""action4"":"""",""athelete_name"":"""",""cam_view"":"""",""position"":"""",""slow_motion"":false,""start_time"":-1,""stop_time"":-1,""dive"":"""",""difficulty"":0,""comment"":"""",""score_time"":-1,""exe_score"":"""",""instances"":[{""cam_view"":""front"",""slow_motion"":false,""stop_time"":25.76,""start_time"":23.77},{""cam_view"":""side"",""slow_motion"":false,""stop_time"":0,""start_time"":0},{""cam_view"":""side"",""slow_motion"":false,""stop_time"":0,""start_time"":0}]}]",,You only label one or less instance which doesn't meet our demand.
3087LXLJ6MT2J3X1MC2WQ0B0S7BF03,3JEJVC0BACP0ACQ5IL1815R6EAPNK8,Record the start time and stop time of all diving actions in a 1min video,Record the start time and stop time of all diving instances in a ~1min video,"video, segmentation, label",$0.05,Wed Aug 23 14:12:43 PDT 2017,5,BatchId:2916360;OriginalHitTemplateId:920937336;,3600,604800,Wed Aug 30 14:12:43 PDT 2017,,,3A0EX8ZRN91CQ1F0FKWBNM9L1A4BYR,A3IDSTX0YIA8G2,Submitted,Wed Aug 23 16:18:35 PDT 2017,Wed Aug 23 16:20:53 PDT 2017,Wed Aug 30 16:20:53 PDT 2017,,,,138,0% (0/0),0% (0/0),0% (0/0),http://svcl.ucsd.edu/~yingwei/internal/diving_share/firstphase/video_first10/egsanPCCIzQ_034.mp4,"[{""action1"":"""",""action2"":"""",""action3"":"""",""action4"":"""",""athelete_name"":"""",""cam_view"":"""",""position"":"""",""slow_motion"":false,""start_time"":-1,""stop_time"":-1,""dive"":"""",""difficulty"":0,""comment"":"""",""score_time"":-1,""exe_score"":"""",""instances"":[{""cam_view"":""side"",""slow_motion"":false,""stop_time"":26.35,""start_time"":22},{""cam_view"":""side"",""slow_motion"":true,""stop_time"":45.85,""start_time"":38},{""cam_view"":""side"",""slow_motion"":true,""stop_time"":50.09,""start_time"":47}]}]",x,
3087LXLJ6MT2J3X1MC2WQ0B0S7BF03,3JEJVC0BACP0ACQ5IL1815R6EAPNK8,Record the start time and stop time of all diving actions in a 1min video,Record the start time and stop time of all diving instances in a ~1min video,"video, segmentation, label",$0.05,Wed Aug 23 14:12:43 PDT 2017,5,BatchId:2916360;OriginalHitTemplateId:920937336;,3600,604800,Wed Aug 30 14:12:43 PDT 2017,,,3OF2M9AATH1DOUTZHJBN0W1DUYKZKT,A1JX27PY35GDFR,Submitted,Wed Aug 23 18:33:16 PDT 2017,Wed Aug 23 18:36:18 PDT 2017,Wed Aug 30 18:36:18 PDT 2017,,,,182,0% (0/0),0% (0/0),0% (0/0),http://svcl.ucsd.edu/~yingwei/internal/diving_share/firstphase/video_first10/egsanPCCIzQ_034.mp4,"[{""action1"":"""",""action2"":"""",""action3"":"""",""action4"":"""",""athelete_name"":"""",""cam_view"":"""",""position"":"""",""slow_motion"":false,""start_time"":-1,""stop_time"":-1,""dive"":"""",""difficulty"":0,""comment"":"""",""score_time"":-1,""exe_score"":"""",""instances"":[{""cam_view"":""side"",""slow_motion"":false,""stop_time"":26,""start_time"":23},{""cam_view"":""side"",""slow_motion"":true,""stop_time"":46.5,""start_time"":38.87}]}]",x,
3PEG1BH7AE4EJCSPL3QIQUZOR7PKBW,3JEJVC0BACP0ACQ5IL1815R6EAPNK8,Record the start time and stop time of all diving actions in a 1min video,Record the start time and stop time of all diving instances in a ~1min video,"video, segmentation, label",$0.05,Wed Aug 23 14:12:43 PDT 2017,5,BatchId:2916360;OriginalHitTemplateId:920937336;,3600,604800,Wed Aug 30 14:12:43 PDT 2017,,,336KAV9KYR5I2OF4WR30MT6H74HY22,A3QBQTSZM9XCBT,Submitted,Wed Aug 23 15:25:32 PDT 2017,Wed Aug 23 15:26:32 PDT 2017,Wed Aug 30 15:26:32 PDT 2017,,,,60,0% (0/0),0% (0/0),0% (0/0),http://svcl.ucsd.edu/~yingwei/internal/diving_share/firstphase/video_first10/ZAmJsIcfFOA_010.mp4,"[{""action1"":"""",""action2"":"""",""action3"":"""",""action4"":"""",""athelete_name"":"""",""cam_view"":"""",""position"":"""",""slow_motion"":false,""start_time"":-1,""stop_time"":-1,""dive"":"""",""difficulty"":0,""comment"":"""",""score_time"":-1,""exe_score"":"""",""instances"":[{""cam_view"":""side"",""slow_motion"":false,""stop_time"":17.73,""start_time"":13.94},{""cam_view"":""side"",""slow_motion"":false,""stop_time"":35.24,""start_time"":28.5},{""cam_view"":""front"",""slow_motion"":false,""stop_time"":44.54,""start_time"":37.68}]}]",x,
3PEG1BH7AE4EJCSPL3QIQUZOR7PKBW,3JEJVC0BACP0ACQ5IL1815R6EAPNK8,Record the start time and stop time of all diving actions in a 1min video,Record the start time and stop time of all diving instances in a ~1min video,"video, segmentation, label",$0.05,Wed Aug 23 14:12:43 PDT 2017,5,BatchId:2916360;OriginalHitTemplateId:920937336;,3600,604800,Wed Aug 30 14:12:43 PDT 2017,,,3KJYX6QCMAO14QI7Y1M8EBO4RYDVJP,A1VSFVHC6N3FSB,Submitted,Wed Aug 23 17:25:49 PDT 2017,Wed Aug 23 17:26:29 PDT 2017,Wed Aug 30 17:26:29 PDT 2017,,,,40,0% (0/0),0% (0/0),0% (0/0),http://svcl.ucsd.edu/~yingwei/internal/diving_share/firstphase/video_first10/ZAmJsIcfFOA_010.mp4,"[{""action1"":"""",""action2"":"""",""action3"":"""",""action4"":"""",""athelete_name"":"""",""cam_view"":"""",""position"":"""",""slow_motion"":false,""start_time"":-1,""stop_time"":-1,""dive"":"""",""difficulty"":0,""comment"":"""",""score_time"":-1,""exe_score"":"""",""instances"":[{""cam_view"":""front"",""slow_motion"":true,""stop_time"":17.13,""start_time"":15.53},{""cam_view"":""side"",""slow_motion"":false,""stop_time"":0,""start_time"":0},{""cam_view"":""side"",""slow_motion"":false,""stop_time"":0,""start_time"":0}]}]",x,
3PEG1BH7AE4EJCSPL3QIQUZOR7PKBW,3JEJVC0BACP0ACQ5IL1815R6EAPNK8,Record the start time and stop time of all diving actions in a 1min video,Record the start time and stop time of all diving instances in a ~1min video,"video, segmentation, label",$0.05,Wed Aug 23 14:12:43 PDT 2017,5,BatchId:2916360;OriginalHitTemplateId:920937336;,3600,604800,Wed Aug 30 14:12:43 PDT 2017,,,3LOTDFNYA8CYEDWG5L0JLFFQ50YWFX,A18Q96TEN80REC,Submitted,Wed Aug 23 17:39:58 PDT 2017,Wed Aug 23 17:42:07 PDT 2017,Wed Aug 30 17:42:07 PDT 2017,,,,129,0% (0/0),0% (0/0),0% (0/0),http://svcl.ucsd.edu/~yingwei/internal/diving_share/firstphase/video_first10/ZAmJsIcfFOA_010.mp4,"[{""action1"":"""",""action2"":"""",""action3"":"""",""action4"":"""",""athelete_name"":"""",""cam_view"":"""",""position"":"""",""slow_motion"":false,""start_time"":-1,""stop_time"":-1,""dive"":"""",""difficulty"":0,""comment"":"""",""score_time"":-1,""exe_score"":"""",""instances"":[{""cam_view"":""front"",""slow_motion"":false,""stop_time"":18.66,""start_time"":14.88},{""cam_view"":""front"",""slow_motion"":false,""stop_time"":20.54,""start_time"":15.24},{""cam_view"":""front"",""slow_motion"":false,""stop_time"":21.38,""start_time"":12.9}]}]",x,
3PEG1BH7AE4EJCSPL3QIQUZOR7PKBW,3JEJVC0BACP0ACQ5IL1815R6EAPNK8,Record the start time and stop time of all diving actions in a 1min video,Record the start time and stop time of all diving instances in a ~1min video,"video, segmentation, label",$0.05,Wed Aug 23 14:12:43 PDT 2017,5,BatchId:2916360;OriginalHitTemplateId:920937336;,3600,604800,Wed Aug 30 14:12:43 PDT 2017,,,3R6BYFZZP8PD3D16FQW5NYTXE21FX6,A3IDSTX0YIA8G2,Submitted,Wed Aug 23 16:06:07 PDT 2017,Wed Aug 23 16:08:11 PDT 2017,Wed Aug 30 16:08:11 PDT 2017,,,,124,0% (0/0),0% (0/0),0% (0/0),http://svcl.ucsd.edu/~yingwei/internal/diving_share/firstphase/video_first10/ZAmJsIcfFOA_010.mp4,"[{""action1"":"""",""action2"":"""",""action3"":"""",""action4"":"""",""athelete_name"":"""",""cam_view"":"""",""position"":"""",""slow_motion"":false,""start_time"":-1,""stop_time"":-1,""dive"":"""",""difficulty"":0,""comment"":"""",""score_time"":-1,""exe_score"":"""",""instances"":[{""cam_view"":""side"",""slow_motion"":false,""stop_time"":17.53,""start_time"":13.74},{""cam_view"":""side"",""slow_motion"":true,""stop_time"":34.4,""start_time"":28.7},{""cam_view"":""side"",""slow_motion"":true,""stop_time"":42.97,""start_time"":36},{""cam_view"":""side"",""slow_motion"":false,""stop_time"":0,""start_time"":0}]}]",x,
3PEG1BH7AE4EJCSPL3QIQUZOR7PKBW,3JEJVC0BACP0ACQ5IL1815R6EAPNK8,Record the start time and stop time of all diving actions in a 1min video,Record the start time and stop time of all diving instances in a ~1min video,"video, segmentation, label",$0.05,Wed Aug 23 14:12:43 PDT 2017,5,BatchId:2916360;OriginalHitTemplateId:920937336;,3600,604800,Wed Aug 30 14:12:43 PDT 2017,,,3S06PH7KSSH8FS2HHRG84PMBXATD1O,A1KXZAEFL58Z1E,Submitted,Wed Aug 23 15:07:56 PDT 2017,Wed Aug 23 15:19:24 PDT 2017,Wed Aug 30 15:19:24 PDT 2017,,,,688,0% (0/0),0% (0/0),0% (0/0),http://svcl.ucsd.edu/~yingwei/internal/diving_share/firstphase/video_first10/ZAmJsIcfFOA_010.mp4,"[{""action1"":"""",""action2"":"""",""action3"":"""",""action4"":"""",""athelete_name"":"""",""cam_view"":"""",""position"":"""",""slow_motion"":false,""start_time"":-1,""stop_time"":-1,""dive"":"""",""difficulty"":0,""comment"":"""",""score_time"":-1,""exe_score"":"""",""instances"":[{""cam_view"":""side"",""slow_motion"":false,""stop_time"":17,""start_time"":13},{""cam_view"":""side"",""slow_motion"":true,""stop_time"":34,""start_time"":28},{""cam_view"":""front"",""slow_motion"":true,""stop_time"":43,""start_time"":37}]}]",x,
3566S7OX5DWPBZ3D0C8KGDHTZBY71U,3JEJVC0BACP0ACQ5IL1815R6EAPNK8,Record the start time and stop time of all diving actions in a 1min video,Record the start time and stop time of all diving instances in a ~1min video,"video, segmentation, label",$0.05,Wed Aug 23 14:12:43 PDT 2017,5,BatchId:2916360;OriginalHitTemplateId:920937336;,3600,604800,Wed Aug 30 14:12:43 PDT 2017,,,31Q0U3WYDQSSYJ17QEDM4XCFBZ5714,A1KRCT93LFL2YY,Submitted,Wed Aug 23 16:40:44 PDT 2017,Wed Aug 23 16:41:48 PDT 2017,Wed Aug 30 16:41:48 PDT 2017,,,,64,0% (0/0),0% (0/0),0% (0/0),http://svcl.ucsd.edu/~yingwei/internal/diving_share/firstphase/video_first10/ZAmJsIcfFOA_012.mp4,"[{""action1"":"""",""action2"":"""",""action3"":"""",""action4"":"""",""athelete_name"":"""",""cam_view"":"""",""position"":"""",""slow_motion"":false,""start_time"":-1,""stop_time"":-1,""dive"":"""",""difficulty"":0,""comment"":"""",""score_time"":-1,""exe_score"":"""",""instances"":[{""cam_view"":""side"",""slow_motion"":false,""stop_time"":19.5,""start_time"":13.05},{""cam_view"":""side"",""slow_motion"":true,""stop_time"":32.32,""start_time"":26.23},{""cam_view"":""top"",""slow_motion"":true,""stop_time"":38.98,""start_time"":34.95}]}]",x,
3566S7OX5DWPBZ3D0C8KGDHTZBY71U,3JEJVC0BACP0ACQ5IL1815R6EAPNK8,Record the start time and stop time of all diving actions in a 1min video,Record the start time and stop time of all diving instances in a ~1min video,"video, segmentation, label",$0.05,Wed Aug 23 14:12:43 PDT 2017,5,BatchId:2916360;OriginalHitTemplateId:920937336;,3600,604800,Wed Aug 30 14:12:43 PDT 2017,,,33PPO7FECWSJFYYFPY1EWO3XECKID1,A1VSFVHC6N3FSB,Submitted,Wed Aug 23 17:18:34 PDT 2017,Wed Aug 23 17:19:16 PDT 2017,Wed Aug 30 17:19:16 PDT 2017,,,,42,0% (0/0),0% (0/0),0% (0/0),http://svcl.ucsd.edu/~yingwei/internal/diving_share/firstphase/video_first10/ZAmJsIcfFOA_012.mp4,"[{""action1"":"""",""action2"":"""",""action3"":"""",""action4"":"""",""athelete_name"":"""",""cam_view"":"""",""position"":"""",""slow_motion"":false,""start_time"":-1,""stop_time"":-1,""dive"":"""",""difficulty"":0,""comment"":"""",""score_time"":-1,""exe_score"":"""",""instances"":[{""cam_view"":""front"",""slow_motion"":true,""stop_time"":18.32,""start_time"":16.93},{""cam_view"":""side"",""slow_motion"":false,""stop_time"":0,""start_time"":0},{""cam_view"":""side"",""slow_motion"":false,""stop_time"":0,""start_time"":0}]}]",,You only label one or less instance which doesn't meet our demand.
3566S7OX5DWPBZ3D0C8KGDHTZBY71U,3JEJVC0BACP0ACQ5IL1815R6EAPNK8,Record the start time and stop time of all diving actions in a 1min video,Record the start time and stop time of all diving instances in a ~1min video,"video, segmentation, label",$0.05,Wed Aug 23 14:12:43 PDT 2017,5,BatchId:2916360;OriginalHitTemplateId:920937336;,3600,604800,Wed Aug 30 14:12:43 PDT 2017,,,3DEL4X4EL7YJ34I1KGOTCJ0DKDCXY6,A23OAVWBL46NHU,Submitted,Wed Aug 23 14:48:41 PDT 2017,Wed Aug 23 14:54:49 PDT 2017,Wed Aug 30 14:54:49 PDT 2017,,,,368,0% (0/0),0% (0/0),0% (0/0),http://svcl.ucsd.edu/~yingwei/internal/diving_share/firstphase/video_first10/ZAmJsIcfFOA_012.mp4,"[{""action1"":"""",""action2"":"""",""action3"":"""",""action4"":"""",""athelete_name"":"""",""cam_view"":"""",""position"":"""",""slow_motion"":false,""start_time"":-1,""stop_time"":-1,""dive"":"""",""difficulty"":0,""comment"":"""",""score_time"":-1,""exe_score"":"""",""instances"":[{""cam_view"":""side"",""slow_motion"":false,""stop_time"":19.79,""start_time"":16.15},{""cam_view"":""side"",""slow_motion"":true,""stop_time"":34.2,""start_time"":25.88},{""cam_view"":""top"",""slow_motion"":true,""stop_time"":39.97,""start_time"":34.28}]}]",x,
3566S7OX5DWPBZ3D0C8KGDHTZBY71U,3JEJVC0BACP0ACQ5IL1815R6EAPNK8,Record the start time and stop time of all diving actions in a 1min video,Record the start time and stop time of all diving instances in a ~1min video,"video, segmentation, label",$0.05,Wed Aug 23 14:12:43 PDT 2017,5,BatchId:2916360;OriginalHitTemplateId:920937336;,3600,604800,Wed Aug 30 14:12:43 PDT 2017,,,3HPZF4IVNN6V0676TKS6Y6F3JV3YCK,A3IDSTX0YIA8G2,Submitted,Wed Aug 23 16:13:24 PDT 2017,Wed Aug 23 16:16:31 PDT 2017,Wed Aug 30 16:16:31 PDT 2017,,,,187,0% (0/0),0% (0/0),0% (0/0),http://svcl.ucsd.edu/~yingwei/internal/diving_share/firstphase/video_first10/ZAmJsIcfFOA_012.mp4,"[{""action1"":"""",""action2"":"""",""action3"":"""",""action4"":"""",""athelete_name"":"""",""cam_view"":"""",""position"":"""",""slow_motion"":false,""start_time"":-1,""stop_time"":-1,""dive"":"""",""difficulty"":0,""comment"":"""",""score_time"":-1,""exe_score"":"""",""instances"":[{""cam_view"":""side"",""slow_motion"":false,""stop_time"":18.72,""start_time"":14.12},{""cam_view"":""side"",""slow_motion"":true,""stop_time"":31.4,""start_time"":26},{""cam_view"":""side"",""slow_motion"":true,""stop_time"":39,""start_time"":34}]}]",x,
3566S7OX5DWPBZ3D0C8KGDHTZBY71U,3JEJVC0BACP0ACQ5IL1815R6EAPNK8,Record the start time and stop time of all diving actions in a 1min video,Record the start time and stop time of all diving instances in a ~1min video,"video, segmentation, label",$0.05,Wed Aug 23 14:12:43 PDT 2017,5,BatchId:2916360;OriginalHitTemplateId:920937336;,3600,604800,Wed Aug 30 14:12:43 PDT 2017,,,3S4AW7T80CV853NSHQXYL01JI3N4LQ,A1KXZAEFL58Z1E,Submitted,Wed Aug 23 18:36:54 PDT 2017,Wed Aug 23 18:40:53 PDT 2017,Wed Aug 30 18:40:53 PDT 2017,,,,239,0% (0/0),0% (0/0),0% (0/0),http://svcl.ucsd.edu/~yingwei/internal/diving_share/firstphase/video_first10/ZAmJsIcfFOA_012.mp4,"[{""action1"":"""",""action2"":"""",""action3"":"""",""action4"":"""",""athelete_name"":"""",""cam_view"":"""",""position"":"""",""slow_motion"":false,""start_time"":-1,""stop_time"":-1,""dive"":"""",""difficulty"":0,""comment"":"""",""score_time"":-1,""exe_score"":"""",""instances"":[{""cam_view"":""side"",""slow_motion"":false,""stop_time"":19,""start_time"":16},{""cam_view"":""side"",""slow_motion"":true,""stop_time"":31,""start_time"":26},{""cam_view"":""top"",""slow_motion"":true,""stop_time"":38,""start_time"":34}]}]",x,
3421H3BM9AU0KZ7A5YCAY94LOIM9JC,3JEJVC0BACP0ACQ5IL1815R6EAPNK8,Record the start time and stop time of all diving actions in a 1min video,Record the start time and stop time of all diving instances in a ~1min video,"video, segmentation, label",$0.05,Wed Aug 23 14:12:43 PDT 2017,5,BatchId:2916360;OriginalHitTemplateId:920937336;,3600,604800,Wed Aug 30 14:12:43 PDT 2017,,,36V4Q8R5ZLDZ0QSBFZ5QOGHDE0UQMV,A1JX27PY35GDFR,Submitted,Wed Aug 23 18:23:07 PDT 2017,Wed Aug 23 18:25:14 PDT 2017,Wed Aug 30 18:25:14 PDT 2017,,,,127,0% (0/0),0% (0/0),0% (0/0),http://svcl.ucsd.edu/~yingwei/internal/diving_share/firstphase/video_first10/egsanPCCIzQ_023.mp4,"[{""action1"":"""",""action2"":"""",""action3"":"""",""action4"":"""",""athelete_name"":"""",""cam_view"":"""",""position"":"""",""slow_motion"":false,""start_time"":-1,""stop_time"":-1,""dive"":"""",""difficulty"":0,""comment"":"""",""score_time"":-1,""exe_score"":"""",""instances"":[{""cam_view"":""side"",""slow_motion"":false,""stop_time"":21.44,""start_time"":16.27},{""cam_view"":""front"",""slow_motion"":true,""stop_time"":40.6,""start_time"":35.03}]}]",x,
3421H3BM9AU0KZ7A5YCAY94LOIM9JC,3JEJVC0BACP0ACQ5IL1815R6EAPNK8,Record the start time and stop time of all diving actions in a 1min video,Record the start time and stop time of all diving instances in a ~1min video,"video, segmentation, label",$0.05,Wed Aug 23 14:12:43 PDT 2017,5,BatchId:2916360;OriginalHitTemplateId:920937336;,3600,604800,Wed Aug 30 14:12:43 PDT 2017,,,3A9AA95ATXZGS76QNN9F79GHN9I5PT,A2SWFUEA0QH29B,Submitted,Wed Aug 23 18:10:19 PDT 2017,Wed Aug 23 18:11:42 PDT 2017,Wed Aug 30 18:11:42 PDT 2017,,,,83,0% (0/0),0% (0/0),0% (0/0),http://svcl.ucsd.edu/~yingwei/internal/diving_share/firstphase/video_first10/egsanPCCIzQ_023.mp4,"[{""action1"":"""",""action2"":"""",""action3"":"""",""action4"":"""",""athelete_name"":"""",""cam_view"":"""",""position"":"""",""slow_motion"":false,""start_time"":-1,""stop_time"":-1,""dive"":"""",""difficulty"":0,""comment"":"""",""score_time"":-1,""exe_score"":"""",""instances"":[{""cam_view"":""side"",""slow_motion"":false,""stop_time"":22.16,""start_time"":15.82},{""cam_view"":""front"",""slow_motion"":true,""stop_time"":41.26,""start_time"":33.77}]}]",x,
3421H3BM9AU0KZ7A5YCAY94LOIM9JC,3JEJVC0BACP0ACQ5IL1815R6EAPNK8,Record the start time and stop time of all diving actions in a 1min video,Record the start time and stop time of all diving instances in a ~1min video,"video, segmentation, label",$0.05,Wed Aug 23 14:12:43 PDT 2017,5,BatchId:2916360;OriginalHitTemplateId:920937336;,3600,604800,Wed Aug 30 14:12:43 PDT 2017,,,3GNA64GUZFH1SJ75N0O47E6RS50Q51,A3IDSTX0YIA8G2,Submitted,Wed Aug 23 16:00:54 PDT 2017,Wed Aug 23 16:05:58 PDT 2017,Wed Aug 30 16:05:58 PDT 2017,,,,304,0% (0/0),0% (0/0),0% (0/0),http://svcl.ucsd.edu/~yingwei/internal/diving_share/firstphase/video_first10/egsanPCCIzQ_023.mp4,"[{""action1"":"""",""action2"":"""",""action3"":"""",""action4"":"""",""athelete_name"":"""",""cam_view"":"""",""position"":"""",""slow_motion"":false,""start_time"":-1,""stop_time"":-1,""dive"":"""",""difficulty"":0,""comment"":"""",""score_time"":-1,""exe_score"":"""",""instances"":[{""cam_view"":""side"",""slow_motion"":false,""stop_time"":21.5,""start_time"":16.58},{""cam_view"":""side"",""slow_motion"":true,""stop_time"":40,""start_time"":34},{""cam_view"":""side"",""slow_motion"":false,""stop_time"":0,""start_time"":0}]}]",x,
3421H3BM9AU0KZ7A5YCAY94LOIM9JC,3JEJVC0BACP0ACQ5IL1815R6EAPNK8,Record the start time and stop time of all diving actions in a 1min video,Record the start time and stop time of all diving instances in a ~1min video,"video, segmentation, label",$0.05,Wed Aug 23 14:12:43 PDT 2017,5,BatchId:2916360;OriginalHitTemplateId:920937336;,3600,604800,Wed Aug 30 14:12:43 PDT 2017,,,3KMS4QQVK337JD2ZG7HGX4LVITOFKJ,A3HAW46X9SUB3G,Submitted,Wed Aug 23 16:50:19 PDT 2017,Wed Aug 23 16:55:44 PDT 2017,Wed Aug 30 16:55:44 PDT 2017,,,,325,0% (0/0),0% (0/0),0% (0/0),http://svcl.ucsd.edu/~yingwei/internal/diving_share/firstphase/video_first10/egsanPCCIzQ_023.mp4,"[{""action1"":"""",""action2"":"""",""action3"":"""",""action4"":"""",""athelete_name"":"""",""cam_view"":"""",""position"":"""",""slow_motion"":false,""start_time"":-1,""stop_time"":-1,""dive"":"""",""difficulty"":0,""comment"":"""",""score_time"":-1,""exe_score"":"""",""instances"":[{""cam_view"":""side"",""slow_motion"":false,""stop_time"":21.68,""start_time"":16.45},{""cam_view"":""front"",""slow_motion"":true,""stop_time"":40.6,""start_time"":34.64},{""cam_view"":""side"",""slow_motion"":false,""stop_time"":0,""start_time"":0}]}]",x,
3421H3BM9AU0KZ7A5YCAY94LOIM9JC,3JEJVC0BACP0ACQ5IL1815R6EAPNK8,Record the start time and stop time of all diving actions in a 1min video,Record the start time and stop time of all diving instances in a ~1min video,"video, segmentation, label",$0.05,Wed Aug 23 14:12:43 PDT 2017,5,BatchId:2916360;OriginalHitTemplateId:920937336;,3600,604800,Wed Aug 30 14:12:43 PDT 2017,,,3VBEN272MLCBLWB2W0W06BCH021GS0,A1VSFVHC6N3FSB,Submitted,Wed Aug 23 16:59:32 PDT 2017,Wed Aug 23 17:00:28 PDT 2017,Wed Aug 30 17:00:28 PDT 2017,,,,56,0% (0/0),0% (0/0),0% (0/0),http://svcl.ucsd.edu/~yingwei/internal/diving_share/firstphase/video_first10/egsanPCCIzQ_023.mp4,"[{""action1"":"""",""action2"":"""",""action3"":"""",""action4"":"""",""athelete_name"":"""",""cam_view"":"""",""position"":"""",""slow_motion"":false,""start_time"":-1,""stop_time"":-1,""dive"":"""",""difficulty"":0,""comment"":"""",""score_time"":-1,""exe_score"":"""",""instances"":[{""cam_view"":""front"",""slow_motion"":false,""stop_time"":20.15,""start_time"":18.1},{""cam_view"":""side"",""slow_motion"":false,""stop_time"":0,""start_time"":0},{""cam_view"":""side"",""slow_motion"":false,""stop_time"":0,""start_time"":0}]}]",x,
3PKJ68EHDN9TZ5PT3A02BQ297VUHJA,3JEJVC0BACP0ACQ5IL1815R6EAPNK8,Record the start time and stop time of all diving actions in a 1min video,Record the start time and stop time of all diving instances in a ~1min video,"video, segmentation, label",$0.05,Wed Aug 23 14:12:43 PDT 2017,5,BatchId:2916360;OriginalHitTemplateId:920937336;,3600,604800,Wed Aug 30 14:12:43 PDT 2017,,,30MVJZJNHNQ37J54V0HCMTZ706TJ9W,A1VSFVHC6N3FSB,Submitted,Wed Aug 23 17:00:29 PDT 2017,Wed Aug 23 17:01:13 PDT 2017,Wed Aug 30 17:01:13 PDT 2017,,,,44,0% (0/0),0% (0/0),0% (0/0),http://svcl.ucsd.edu/~yingwei/internal/diving_share/firstphase/video_first10/cYkUl8MrXgA_034.mp4,"[{""action1"":"""",""action2"":"""",""action3"":"""",""action4"":"""",""athelete_name"":"""",""cam_view"":"""",""position"":"""",""slow_motion"":false,""start_time"":-1,""stop_time"":-1,""dive"":"""",""difficulty"":0,""comment"":"""",""score_time"":-1,""exe_score"":"""",""instances"":[{""cam_view"":""front"",""slow_motion"":true,""stop_time"":4.5,""start_time"":2.56},{""cam_view"":""side"",""slow_motion"":false,""stop_time"":0,""start_time"":0},{""cam_view"":""side"",""slow_motion"":false,""stop_time"":0,""start_time"":0}]}]",,You only label one or less instance which doesn't meet our demand.
3PKJ68EHDN9TZ5PT3A02BQ297VUHJA,3JEJVC0BACP0ACQ5IL1815R6EAPNK8,Record the start time and stop time of all diving actions in a 1min video,Record the start time and stop time of all diving instances in a ~1min video,"video, segmentation, label",$0.05,Wed Aug 23 14:12:43 PDT 2017,5,BatchId:2916360;OriginalHitTemplateId:920937336;,3600,604800,Wed Aug 30 14:12:43 PDT 2017,,,32M8BPYGAUZMRI86RO2M296UR41GIA,A1JX27PY35GDFR,Submitted,Wed Aug 23 18:25:20 PDT 2017,Wed Aug 23 18:27:15 PDT 2017,Wed Aug 30 18:27:15 PDT 2017,,,,115,0% (0/0),0% (0/0),0% (0/0),http://svcl.ucsd.edu/~yingwei/internal/diving_share/firstphase/video_first10/cYkUl8MrXgA_034.mp4,"[{""action1"":"""",""action2"":"""",""action3"":"""",""action4"":"""",""athelete_name"":"""",""cam_view"":"""",""position"":"""",""slow_motion"":false,""start_time"":-1,""stop_time"":-1,""dive"":"""",""difficulty"":0,""comment"":"""",""score_time"":-1,""exe_score"":"""",""instances"":[{""cam_view"":""side"",""slow_motion"":false,""stop_time"":5.4,""start_time"":2},{""cam_view"":""front"",""slow_motion"":true,""stop_time"":21.27,""start_time"":13.54},{""cam_view"":""top"",""slow_motion"":true,""stop_time"":27.44,""start_time"":23.88}]}]",x,
3PKJ68EHDN9TZ5PT3A02BQ297VUHJA,3JEJVC0BACP0ACQ5IL1815R6EAPNK8,Record the start time and stop time of all diving actions in a 1min video,Record the start time and stop time of all diving instances in a ~1min video,"video, segmentation, label",$0.05,Wed Aug 23 14:12:43 PDT 2017,5,BatchId:2916360;OriginalHitTemplateId:920937336;,3600,604800,Wed Aug 30 14:12:43 PDT 2017,,,32UTUBMZ7H9VM7KVA99RGN5RJT2BVI,A3IDSTX0YIA8G2,Submitted,Wed Aug 23 16:18:07 PDT 2017,Wed Aug 23 16:18:34 PDT 2017,Wed Aug 30 16:18:34 PDT 2017,,,,27,0% (0/0),0% (0/0),0% (0/0),http://svcl.ucsd.edu/~yingwei/internal/diving_share/firstphase/video_first10/cYkUl8MrXgA_034.mp4,"[{""action1"":"""",""action2"":"""",""action3"":"""",""action4"":"""",""athelete_name"":"""",""cam_view"":"""",""position"":"""",""slow_motion"":false,""start_time"":-1,""stop_time"":-1,""dive"":"""",""difficulty"":0,""comment"":"""",""score_time"":-1,""exe_score"":"""",""instances"":[{""cam_view"":""side"",""slow_motion"":false,""stop_time"":4.91,""start_time"":2.08},{""cam_view"":""side"",""slow_motion"":true,""stop_time"":19.09,""start_time"":13.48},{""cam_view"":""side"",""slow_motion"":false,""stop_time"":0,""start_time"":0}]}]",x,
3PKJ68EHDN9TZ5PT3A02BQ297VUHJA,3JEJVC0BACP0ACQ5IL1815R6EAPNK8,Record the start time and stop time of all diving actions in a 1min video,Record the start time and stop time of all diving instances in a ~1min video,"video, segmentation, label",$0.05,Wed Aug 23 14:12:43 PDT 2017,5,BatchId:2916360;OriginalHitTemplateId:920937336;,3600,604800,Wed Aug 30 14:12:43 PDT 2017,,,3FE2ERCCZYL20HC8S25EGFG844MPOH,A2SWFUEA0QH29B,Submitted,Wed Aug 23 17:55:38 PDT 2017,Wed Aug 23 17:58:16 PDT 2017,Wed Aug 30 17:58:16 PDT 2017,,,,158,0% (0/0),0% (0/0),0% (0/0),http://svcl.ucsd.edu/~yingwei/internal/diving_share/firstphase/video_first10/cYkUl8MrXgA_034.mp4,"[{""action1"":"""",""action2"":"""",""action3"":"""",""action4"":"""",""athelete_name"":"""",""cam_view"":"""",""position"":"""",""slow_motion"":false,""start_time"":-1,""stop_time"":-1,""dive"":"""",""difficulty"":0,""comment"":"""",""score_time"":-1,""exe_score"":"""",""instances"":[{""cam_view"":""side"",""slow_motion"":false,""stop_time"":5.47,""start_time"":1.6},{""cam_view"":""front"",""slow_motion"":true,""stop_time"":21.39,""start_time"":12.29},{""cam_view"":""side"",""slow_motion"":true,""stop_time"":27.54,""start_time"":21.61}]}]",x,
3PKJ68EHDN9TZ5PT3A02BQ297VUHJA,3JEJVC0BACP0ACQ5IL1815R6EAPNK8,Record the start time and stop time of all diving actions in a 1min video,Record the start time and stop time of all diving instances in a ~1min video,"video, segmentation, label",$0.05,Wed Aug 23 14:12:43 PDT 2017,5,BatchId:2916360;OriginalHitTemplateId:920937336;,3600,604800,Wed Aug 30 14:12:43 PDT 2017,,,3R9WASFE20T2881LG8KQKJ98M2QFZU,A3QBQTSZM9XCBT,Submitted,Wed Aug 23 15:24:34 PDT 2017,Wed Aug 23 15:25:32 PDT 2017,Wed Aug 30 15:25:32 PDT 2017,,,,58,0% (0/0),0% (0/0),0% (0/0),http://svcl.ucsd.edu/~yingwei/internal/diving_share/firstphase/video_first10/cYkUl8MrXgA_034.mp4,"[{""action1"":"""",""action2"":"""",""action3"":"""",""action4"":"""",""athelete_name"":"""",""cam_view"":"""",""position"":"""",""slow_motion"":false,""start_time"":-1,""stop_time"":-1,""dive"":"""",""difficulty"":0,""comment"":"""",""score_time"":-1,""exe_score"":"""",""instances"":[{""cam_view"":""side"",""slow_motion"":false,""stop_time"":5.15,""start_time"":1.14},{""cam_view"":""front"",""slow_motion"":false,""stop_time"":19.8,""start_time"":12.76},{""cam_view"":""top"",""slow_motion"":false,""stop_time"":26.86,""start_time"":22.44}]}]",x,
3W1K7D6QSBU987RBL4TSD9N1VG2BZ9,3JEJVC0BACP0ACQ5IL1815R6EAPNK8,Record the start time and stop time of all diving actions in a 1min video,Record the start time and stop time of all diving instances in a ~1min video,"video, segmentation, label",$0.05,Wed Aug 23 14:12:43 PDT 2017,5,BatchId:2916360;OriginalHitTemplateId:920937336;,3600,604800,Wed Aug 30 14:12:43 PDT 2017,,,30OG32W0SVOGL5N6I9PQ7EHZ0NGNEG,A3HAW46X9SUB3G,Submitted,Wed Aug 23 18:10:32 PDT 2017,Wed Aug 23 18:13:01 PDT 2017,Wed Aug 30 18:13:01 PDT 2017,,,,149,0% (0/0),0% (0/0),0% (0/0),http://svcl.ucsd.edu/~yingwei/internal/diving_share/firstphase/video_first10/cYkUl8MrXgA_016.mp4,"[{""action1"":"""",""action2"":"""",""action3"":"""",""action4"":"""",""athelete_name"":"""",""cam_view"":"""",""position"":"""",""slow_motion"":false,""start_time"":-1,""stop_time"":-1,""dive"":"""",""difficulty"":0,""comment"":"""",""score_time"":-1,""exe_score"":"""",""instances"":[{""cam_view"":""side"",""slow_motion"":false,""stop_time"":8.47,""start_time"":2.67},{""cam_view"":""side"",""slow_motion"":true,""stop_time"":25.37,""start_time"":17.66},{""cam_view"":""top"",""slow_motion"":true,""stop_time"":31.92,""start_time"":26.68}]}]",x,
3W1K7D6QSBU987RBL4TSD9N1VG2BZ9,3JEJVC0BACP0ACQ5IL1815R6EAPNK8,Record the start time and stop time of all diving actions in a 1min video,Record the start time and stop time of all diving instances in a ~1min video,"video, segmentation, label",$0.05,Wed Aug 23 14:12:43 PDT 2017,5,BatchId:2916360;OriginalHitTemplateId:920937336;,3600,604800,Wed Aug 30 14:12:43 PDT 2017,,,34J10VATJGBD472KUK7YWNAWXRCQIH,AE67FLJJ73P9V,Submitted,Wed Aug 23 19:22:20 PDT 2017,Wed Aug 23 19:24:17 PDT 2017,Wed Aug 30 19:24:17 PDT 2017,,,,117,0% (0/0),0% (0/0),0% (0/0),http://svcl.ucsd.edu/~yingwei/internal/diving_share/firstphase/video_first10/cYkUl8MrXgA_016.mp4,"[{""action1"":"""",""action2"":"""",""action3"":"""",""action4"":"""",""athelete_name"":"""",""cam_view"":"""",""position"":"""",""slow_motion"":false,""start_time"":-1,""stop_time"":-1,""dive"":"""",""difficulty"":0,""comment"":"""",""score_time"":-1,""exe_score"":"""",""instances"":[{""cam_view"":""side"",""slow_motion"":false,""stop_time"":8,""start_time"":6},{""cam_view"":""side"",""slow_motion"":true,""stop_time"":24,""start_time"":17},{""cam_view"":""top"",""slow_motion"":true,""stop_time"":31,""start_time"":26}]}]",x,
3W1K7D6QSBU987RBL4TSD9N1VG2BZ9,3JEJVC0BACP0ACQ5IL1815R6EAPNK8,Record the start time and stop time of all diving actions in a 1min video,Record the start time and stop time of all diving instances in a ~1min video,"video, segmentation, label",$0.05,Wed Aug 23 14:12:43 PDT 2017,5,BatchId:2916360;OriginalHitTemplateId:920937336;,3600,604800,Wed Aug 30 14:12:43 PDT 2017,,,3R9WASFE20T2881LG8KQKJ98M2WZFK,A1KXZAEFL58Z1E,Submitted,Wed Aug 23 15:48:46 PDT 2017,Wed Aug 23 15:53:04 PDT 2017,Wed Aug 30 15:53:04 PDT 2017,,,,258,0% (0/0),0% (0/0),0% (0/0),http://svcl.ucsd.edu/~yingwei/internal/diving_share/firstphase/video_first10/cYkUl8MrXgA_016.mp4,"[{""action1"":"""",""action2"":"""",""action3"":"""",""action4"":"""",""athelete_name"":"""",""cam_view"":"""",""position"":"""",""slow_motion"":false,""start_time"":-1,""stop_time"":-1,""dive"":"""",""difficulty"":0,""comment"":"""",""score_time"":-1,""exe_score"":"""",""instances"":[{""cam_view"":""side"",""slow_motion"":false,""stop_time"":8,""start_time"":4},{""cam_view"":""side"",""slow_motion"":true,""stop_time"":24,""start_time"":17},{""cam_view"":""top"",""slow_motion"":true,""stop_time"":31,""start_time"":26}]}]",x,
3W1K7D6QSBU987RBL4TSD9N1VG2BZ9,3JEJVC0BACP0ACQ5IL1815R6EAPNK8,Record the start time and stop time of all diving actions in a 1min video,Record the start time and stop time of all diving instances in a ~1min video,"video, segmentation, label",$0.05,Wed Aug 23 14:12:43 PDT 2017,5,BatchId:2916360;OriginalHitTemplateId:920937336;,3600,604800,Wed Aug 30 14:12:43 PDT 2017,,,3WYGZ5XF3XSGNI7LMRHF434A7JISKF,A1VSFVHC6N3FSB,Submitted,Wed Aug 23 16:54:30 PDT 2017,Wed Aug 23 16:55:16 PDT 2017,Wed Aug 30 16:55:16 PDT 2017,,,,46,0% (0/0),0% (0/0),0% (0/0),http://svcl.ucsd.edu/~yingwei/internal/diving_share/firstphase/video_first10/cYkUl8MrXgA_016.mp4,"[{""action1"":"""",""action2"":"""",""action3"":"""",""action4"":"""",""athelete_name"":"""",""cam_view"":"""",""position"":"""",""slow_motion"":false,""start_time"":-1,""stop_time"":-1,""dive"":"""",""difficulty"":0,""comment"":"""",""score_time"":-1,""exe_score"":"""",""instances"":[{""cam_view"":""side"",""slow_motion"":true,""stop_time"":7.7,""start_time"":5.67},{""cam_view"":""side"",""slow_motion"":false,""stop_time"":0,""start_time"":0},{""cam_view"":""side"",""slow_motion"":false,""stop_time"":0,""start_time"":0}]}]",,You only label one or less instance which doesn't meet our demand.
3W1K7D6QSBU987RBL4TSD9N1VG2BZ9,3JEJVC0BACP0ACQ5IL1815R6EAPNK8,Record the start time and stop time of all diving actions in a 1min video,Record the start time and stop time of all diving instances in a ~1min video,"video, segmentation, label",$0.05,Wed Aug 23 14:12:43 PDT 2017,5,BatchId:2916360;OriginalHitTemplateId:920937336;,3600,604800,Wed Aug 30 14:12:43 PDT 2017,,,3X3OR7WPZ0D9O4AUTTNB2CHOKPEL89,A3OZTRVA24QHP,Submitted,Wed Aug 23 16:02:11 PDT 2017,Wed Aug 23 16:04:16 PDT 2017,Wed Aug 30 16:04:16 PDT 2017,,,,125,0% (0/0),0% (0/0),0% (0/0),http://svcl.ucsd.edu/~yingwei/internal/diving_share/firstphase/video_first10/cYkUl8MrXgA_016.mp4,"[{""action1"":"""",""action2"":"""",""action3"":"""",""action4"":"""",""athelete_name"":"""",""cam_view"":"""",""position"":"""",""slow_motion"":false,""start_time"":-1,""stop_time"":-1,""dive"":"""",""difficulty"":0,""comment"":"""",""score_time"":-1,""exe_score"":"""",""instances"":[{""cam_view"":""side"",""slow_motion"":false,""stop_time"":8.25,""start_time"":3.77},{""cam_view"":""side"",""slow_motion"":true,""stop_time"":26.12,""start_time"":17.48},{""cam_view"":""top"",""slow_motion"":true,""stop_time"":31.74,""start_time"":26.62}]}]",x,
3ZURAPD28802QSIJIV6W45UAXZHF16,3JEJVC0BACP0ACQ5IL1815R6EAPNK8,Record the start time and stop time of all diving actions in a 1min video,Record the start time and stop time of all diving instances in a ~1min video,"video, segmentation, label",$0.05,Wed Aug 23 14:12:43 PDT 2017,5,BatchId:2916360;OriginalHitTemplateId:920937336;,3600,604800,Wed Aug 30 14:12:43 PDT 2017,,,32RIADZISTHV9GII1ZUZXMFEAXR4S0,A3OZTRVA24QHP,Submitted,Wed Aug 23 16:23:08 PDT 2017,Wed Aug 23 16:25:03 PDT 2017,Wed Aug 30 16:25:03 PDT 2017,,,,115,0% (0/0),0% (0/0),0% (0/0),http://svcl.ucsd.edu/~yingwei/internal/diving_share/firstphase/video_first10/LNMISxO35S0_040.mp4,"[{""action1"":"""",""action2"":"""",""action3"":"""",""action4"":"""",""athelete_name"":"""",""cam_view"":"""",""position"":"""",""slow_motion"":false,""start_time"":-1,""stop_time"":-1,""dive"":"""",""difficulty"":0,""comment"":"""",""score_time"":-1,""exe_score"":"""",""instances"":[{""cam_view"":""side"",""slow_motion"":false,""stop_time"":17.03,""start_time"":12.88},{""cam_view"":""side"",""slow_motion"":false,""stop_time"":29.33,""start_time"":24.92},{""cam_view"":""side"",""slow_motion"":true,""stop_time"":36.72,""start_time"":29.61}]}]",x,
3ZURAPD28802QSIJIV6W45UAXZHF16,3JEJVC0BACP0ACQ5IL1815R6EAPNK8,Record the start time and stop time of all diving actions in a 1min video,Record the start time and stop time of all diving instances in a ~1min video,"video, segmentation, label",$0.05,Wed Aug 23 14:12:43 PDT 2017,5,BatchId:2916360;OriginalHitTemplateId:920937336;,3600,604800,Wed Aug 30 14:12:43 PDT 2017,,,33SA9F9TRY768ZWKAAGD3XUQTZHWED,A1KRCT93LFL2YY,Submitted,Wed Aug 23 16:34:11 PDT 2017,Wed Aug 23 16:35:36 PDT 2017,Wed Aug 30 16:35:36 PDT 2017,,,,85,0% (0/0),0% (0/0),0% (0/0),http://svcl.ucsd.edu/~yingwei/internal/diving_share/firstphase/video_first10/LNMISxO35S0_040.mp4,"[{""action1"":"""",""action2"":"""",""action3"":"""",""action4"":"""",""athelete_name"":"""",""cam_view"":"""",""position"":"""",""slow_motion"":false,""start_time"":-1,""stop_time"":-1,""dive"":"""",""difficulty"":0,""comment"":"""",""score_time"":-1,""exe_score"":"""",""instances"":[{""cam_view"":""side"",""slow_motion"":false,""stop_time"":15.9,""start_time"":9.96},{""cam_view"":""front"",""slow_motion"":false,""stop_time"":28.46,""start_time"":25.01},{""cam_view"":""front"",""slow_motion"":true,""stop_time"":35.68,""start_time"":29.87}]}]",x,
3ZURAPD28802QSIJIV6W45UAXZHF16,3JEJVC0BACP0ACQ5IL1815R6EAPNK8,Record the start time and stop time of all diving actions in a 1min video,Record the start time and stop time of all diving instances in a ~1min video,"video, segmentation, label",$0.05,Wed Aug 23 14:12:43 PDT 2017,5,BatchId:2916360;OriginalHitTemplateId:920937336;,3600,604800,Wed Aug 30 14:12:43 PDT 2017,,,354GIDR5ZCJE9JG59WODBDJIYTV00W,A1KXZAEFL58Z1E,Submitted,Wed Aug 23 17:53:14 PDT 2017,Wed Aug 23 17:58:49 PDT 2017,Wed Aug 30 17:58:49 PDT 2017,,,,335,0% (0/0),0% (0/0),0% (0/0),http://svcl.ucsd.edu/~yingwei/internal/diving_share/firstphase/video_first10/LNMISxO35S0_040.mp4,"[{""action1"":"""",""action2"":"""",""action3"":"""",""action4"":"""",""athelete_name"":"""",""cam_view"":"""",""position"":"""",""slow_motion"":false,""start_time"":-1,""stop_time"":-1,""dive"":"""",""difficulty"":0,""comment"":"""",""score_time"":-1,""exe_score"":"""",""instances"":[{""cam_view"":""side"",""slow_motion"":false,""stop_time"":15,""start_time"":13},{""cam_view"":""front"",""slow_motion"":false,""stop_time"":28,""start_time"":25},{""cam_view"":""side"",""slow_motion"":true,""stop_time"":35,""start_time"":30}]}]",x,
3ZURAPD28802QSIJIV6W45UAXZHF16,3JEJVC0BACP0ACQ5IL1815R6EAPNK8,Record the start time and stop time of all diving actions in a 1min video,Record the start time and stop time of all diving instances in a ~1min video,"video, segmentation, label",$0.05,Wed Aug 23 14:12:43 PDT 2017,5,BatchId:2916360;OriginalHitTemplateId:920937336;,3600,604800,Wed Aug 30 14:12:43 PDT 2017,,,3QXNC7EIPJ8W5D4I9S764OKB1XN90F,A1VSFVHC6N3FSB,Submitted,Wed Aug 23 16:56:03 PDT 2017,Wed Aug 23 17:28:31 PDT 2017,Wed Aug 30 17:28:31 PDT 2017,,,,1948,0% (0/0),0% (0/0),0% (0/0),http://svcl.ucsd.edu/~yingwei/internal/diving_share/firstphase/video_first10/LNMISxO35S0_040.mp4,"[{""action1"":"""",""action2"":"""",""action3"":"""",""action4"":"""",""athelete_name"":"""",""cam_view"":"""",""position"":"""",""slow_motion"":false,""start_time"":-1,""stop_time"":-1,""dive"":"""",""difficulty"":0,""comment"":"""",""score_time"":-1,""exe_score"":"""",""instances"":[{""cam_view"":""front"",""slow_motion"":true,""stop_time"":15.05,""start_time"":13.7},{""cam_view"":""side"",""slow_motion"":false,""stop_time"":0,""start_time"":0},{""cam_view"":""side"",""slow_motion"":false,""stop_time"":0,""start_time"":0}]}]",,You only label one or less instance which doesn't meet our demand.
3ZURAPD28802QSIJIV6W45UAXZHF16,3JEJVC0BACP0ACQ5IL1815R6EAPNK8,Record the start time and stop time of all diving actions in a 1min video,Record the start time and stop time of all diving instances in a ~1min video,"video, segmentation, label",$0.05,Wed Aug 23 14:12:43 PDT 2017,5,BatchId:2916360;OriginalHitTemplateId:920937336;,3600,604800,Wed Aug 30 14:12:43 PDT 2017,,,3VHHR074H4U5OQ5BJOV5OCLT95D7LD,A2SWFUEA0QH29B,Submitted,Wed Aug 23 18:40:59 PDT 2017,Wed Aug 23 18:43:09 PDT 2017,Wed Aug 30 18:43:09 PDT 2017,,,,130,0% (0/0),0% (0/0),0% (0/0),http://svcl.ucsd.edu/~yingwei/internal/diving_share/firstphase/video_first10/LNMISxO35S0_040.mp4,"[{""action1"":"""",""action2"":"""",""action3"":"""",""action4"":"""",""athelete_name"":"""",""cam_view"":"""",""position"":"""",""slow_motion"":false,""start_time"":-1,""stop_time"":-1,""dive"":"""",""difficulty"":0,""comment"":"""",""score_time"":-1,""exe_score"":"""",""instances"":[{""cam_view"":""side"",""slow_motion"":false,""stop_time"":17.21,""start_time"":11.32},{""cam_view"":""front"",""slow_motion"":true,""stop_time"":29.37,""start_time"":24.68},{""cam_view"":""side"",""slow_motion"":true,""stop_time"":37.27,""start_time"":29.53}]}]",x,
3LEG2HW4UF09FD0F1Z6A9O4FP5VF2N,3JEJVC0BACP0ACQ5IL1815R6EAPNK8,Record the start time and stop time of all diving actions in a 1min video,Record the start time and stop time of all diving instances in a ~1min video,"video, segmentation, label",$0.05,Wed Aug 23 14:12:43 PDT 2017,5,BatchId:2916360;OriginalHitTemplateId:920937336;,3600,604800,Wed Aug 30 14:12:43 PDT 2017,,,37ZHEEHM6XZO8MFMDIR5SQRC9JK37T,A1VSFVHC6N3FSB,Submitted,Wed Aug 23 17:15:21 PDT 2017,Wed Aug 23 17:15:50 PDT 2017,Wed Aug 30 17:15:50 PDT 2017,,,,29,0% (0/0),0% (0/0),0% (0/0),http://svcl.ucsd.edu/~yingwei/internal/diving_share/firstphase/video_first10/D6zILEKIJbk_011.mp4,"[{""action1"":"""",""action2"":"""",""action3"":"""",""action4"":"""",""athelete_name"":"""",""cam_view"":"""",""position"":"""",""slow_motion"":false,""start_time"":-1,""stop_time"":-1,""dive"":"""",""difficulty"":0,""comment"":"""",""score_time"":-1,""exe_score"":"""",""instances"":[{""cam_view"":""front"",""slow_motion"":false,""stop_time"":7.5,""start_time"":6.11},{""cam_view"":""side"",""slow_motion"":false,""stop_time"":0,""start_time"":0},{""cam_view"":""side"",""slow_motion"":false,""stop_time"":0,""start_time"":0}]}]",,You only label one or less instance which doesn't meet our demand.
3LEG2HW4UF09FD0F1Z6A9O4FP5VF2N,3JEJVC0BACP0ACQ5IL1815R6EAPNK8,Record the start time and stop time of all diving actions in a 1min video,Record the start time and stop time of all diving instances in a ~1min video,"video, segmentation, label",$0.05,Wed Aug 23 14:12:43 PDT 2017,5,BatchId:2916360;OriginalHitTemplateId:920937336;,3600,604800,Wed Aug 30 14:12:43 PDT 2017,,,39GHHAVOMG42ADZSE5LL5LOREEJ4JP,A1KXZAEFL58Z1E,Submitted,Wed Aug 23 19:06:51 PDT 2017,Wed Aug 23 19:22:09 PDT 2017,Wed Aug 30 19:22:09 PDT 2017,,,,918,0% (0/0),0% (0/0),0% (0/0),http://svcl.ucsd.edu/~yingwei/internal/diving_share/firstphase/video_first10/D6zILEKIJbk_011.mp4,"[{""action1"":"""",""action2"":"""",""action3"":"""",""action4"":"""",""athelete_name"":"""",""cam_view"":"""",""position"":"""",""slow_motion"":false,""start_time"":-1,""stop_time"":-1,""dive"":"""",""difficulty"":0,""comment"":"""",""score_time"":-1,""exe_score"":"""",""instances"":[{""cam_view"":""side"",""slow_motion"":false,""stop_time"":8,""start_time"":5},{""cam_view"":""side"",""slow_motion"":true,""stop_time"":25,""start_time"":18},{""cam_view"":""front"",""slow_motion"":true,""stop_time"":37,""start_time"":28}]}]",x,
3LEG2HW4UF09FD0F1Z6A9O4FP5VF2N,3JEJVC0BACP0ACQ5IL1815R6EAPNK8,Record the start time and stop time of all diving actions in a 1min video,Record the start time and stop time of all diving instances in a ~1min video,"video, segmentation, label",$0.05,Wed Aug 23 14:12:43 PDT 2017,5,BatchId:2916360;OriginalHitTemplateId:920937336;,3600,604800,Wed Aug 30 14:12:43 PDT 2017,,,3DQQ64TANHYA5QLAJOWOX9TU76MPWU,A2SWFUEA0QH29B,Submitted,Wed Aug 23 18:37:11 PDT 2017,Wed Aug 23 18:39:15 PDT 2017,Wed Aug 30 18:39:15 PDT 2017,,,,124,0% (0/0),0% (0/0),0% (0/0),http://svcl.ucsd.edu/~yingwei/internal/diving_share/firstphase/video_first10/D6zILEKIJbk_011.mp4,"[{""action1"":"""",""action2"":"""",""action3"":"""",""action4"":"""",""athelete_name"":"""",""cam_view"":"""",""position"":"""",""slow_motion"":false,""start_time"":-1,""stop_time"":-1,""dive"":"""",""difficulty"":0,""comment"":"""",""score_time"":-1,""exe_score"":"""",""instances"":[{""cam_view"":""side"",""slow_motion"":false,""stop_time"":8.96,""start_time"":0.53},{""cam_view"":""side"",""slow_motion"":true,""stop_time"":26.81,""start_time"":16.62},{""cam_view"":""front"",""slow_motion"":true,""stop_time"":38.41,""start_time"":27.1}]}]",x,
3LEG2HW4UF09FD0F1Z6A9O4FP5VF2N,3JEJVC0BACP0ACQ5IL1815R6EAPNK8,Record the start time and stop time of all diving actions in a 1min video,Record the start time and stop time of all diving instances in a ~1min video,"video, segmentation, label",$0.05,Wed Aug 23 14:12:43 PDT 2017,5,BatchId:2916360;OriginalHitTemplateId:920937336;,3600,604800,Wed Aug 30 14:12:43 PDT 2017,,,3EA3QWIZ4J8QWNUCBO1T1SLJHYAITM,A21P2V0BZR6LJN,Submitted,Wed Aug 23 18:47:23 PDT 2017,Wed Aug 23 18:51:18 PDT 2017,Wed Aug 30 18:51:18 PDT 2017,,,,235,0% (0/0),0% (0/0),0% (0/0),http://svcl.ucsd.edu/~yingwei/internal/diving_share/firstphase/video_first10/D6zILEKIJbk_011.mp4,"[{""action1"":"""",""action2"":"""",""action3"":"""",""action4"":"""",""athelete_name"":"""",""cam_view"":"""",""position"":"""",""slow_motion"":false,""start_time"":-1,""stop_time"":-1,""dive"":"""",""difficulty"":0,""comment"":"""",""score_time"":-1,""exe_score"":"""",""instances"":[{""cam_view"":""side"",""slow_motion"":false,""stop_time"":8,""start_time"":0},{""cam_view"":""side"",""slow_motion"":false,""stop_time"":25.23,""start_time"":17},{""cam_view"":""side"",""slow_motion"":false,""stop_time"":37.43,""start_time"":27}]}]",x,
3LEG2HW4UF09FD0F1Z6A9O4FP5VF2N,3JEJVC0BACP0ACQ5IL1815R6EAPNK8,Record the start time and stop time of all diving actions in a 1min video,Record the start time and stop time of all diving instances in a ~1min video,"video, segmentation, label",$0.05,Wed Aug 23 14:12:43 PDT 2017,5,BatchId:2916360;OriginalHitTemplateId:920937336;,3600,604800,Wed Aug 30 14:12:43 PDT 2017,,,3Y4W8Q93L0XO14IFO50XBDTRMEDDVQ,A3OZTRVA24QHP,Submitted,Wed Aug 23 16:06:17 PDT 2017,Wed Aug 23 16:09:09 PDT 2017,Wed Aug 30 16:09:09 PDT 2017,,,,172,0% (0/0),0% (0/0),0% (0/0),http://svcl.ucsd.edu/~yingwei/internal/diving_share/firstphase/video_first10/D6zILEKIJbk_011.mp4,"[{""action1"":"""",""action2"":"""",""action3"":"""",""action4"":"""",""athelete_name"":"""",""cam_view"":"""",""position"":"""",""slow_motion"":false,""start_time"":-1,""stop_time"":-1,""dive"":"""",""difficulty"":0,""comment"":"""",""score_time"":-1,""exe_score"":"""",""instances"":[{""cam_view"":""side"",""slow_motion"":false,""stop_time"":8.92,""start_time"":4.36},{""cam_view"":""side"",""slow_motion"":true,""stop_time"":27.15,""start_time"":17.43},{""cam_view"":""front"",""slow_motion"":true,""stop_time"":37.72,""start_time"":27.87}]}]",x,
3538U0YQ1F7Y0VWY5ZKFSY97VJVF3Y,3JEJVC0BACP0ACQ5IL1815R6EAPNK8,Record the start time and stop time of all diving actions in a 1min video,Record the start time and stop time of all diving instances in a ~1min video,"video, segmentation, label",$0.05,Wed Aug 23 14:12:43 PDT 2017,5,BatchId:2916360;OriginalHitTemplateId:920937336;,3600,604800,Wed Aug 30 14:12:43 PDT 2017,,,32M8BPYGAUZMRI86RO2M296UR40IGB,A1VSFVHC6N3FSB,Submitted,Wed Aug 23 17:19:56 PDT 2017,Wed Aug 23 17:20:56 PDT 2017,Wed Aug 30 17:20:56 PDT 2017,,,,60,0% (0/0),0% (0/0),0% (0/0),http://svcl.ucsd.edu/~yingwei/internal/diving_share/firstphase/video_first10/D6zILEKIJbk_020.mp4,"[{""action1"":"""",""action2"":"""",""action3"":"""",""action4"":"""",""athelete_name"":"""",""cam_view"":"""",""position"":"""",""slow_motion"":false,""start_time"":-1,""stop_time"":-1,""dive"":"""",""difficulty"":0,""comment"":"""",""score_time"":-1,""exe_score"":"""",""instances"":[{""cam_view"":""side"",""slow_motion"":true,""stop_time"":35.99,""start_time"":34.64},{""cam_view"":""side"",""slow_motion"":false,""stop_time"":0,""start_time"":0},{""cam_view"":""side"",""slow_motion"":false,""stop_time"":0,""start_time"":0}]}]",,You only label one or less instance which doesn't meet our demand.
3538U0YQ1F7Y0VWY5ZKFSY97VJVF3Y,3JEJVC0BACP0ACQ5IL1815R6EAPNK8,Record the start time and stop time of all diving actions in a 1min video,Record the start time and stop time of all diving instances in a ~1min video,"video, segmentation, label",$0.05,Wed Aug 23 14:12:43 PDT 2017,5,BatchId:2916360;OriginalHitTemplateId:920937336;,3600,604800,Wed Aug 30 14:12:43 PDT 2017,,,36DSNE9QZ6B6E69AXP0UJJUWV5IOJI,A1KXZAEFL58Z1E,Submitted,Wed Aug 23 18:53:40 PDT 2017,Wed Aug 23 19:01:46 PDT 2017,Wed Aug 30 19:01:46 PDT 2017,,,,486,0% (0/0),0% (0/0),0% (0/0),http://svcl.ucsd.edu/~yingwei/internal/diving_share/firstphase/video_first10/D6zILEKIJbk_020.mp4,"[{""action1"":"""",""action2"":"""",""action3"":"""",""action4"":"""",""athelete_name"":"""",""cam_view"":"""",""position"":"""",""slow_motion"":false,""start_time"":-1,""stop_time"":-1,""dive"":"""",""difficulty"":0,""comment"":"""",""score_time"":-1,""exe_score"":"""",""instances"":[{""cam_view"":""side"",""slow_motion"":false,""stop_time"":36,""start_time"":33},{""cam_view"":""side"",""slow_motion"":true,""stop_time"":51,""start_time"":45},{""cam_view"":""top"",""slow_motion"":false,""stop_time"":63,""start_time"":61}]}]",x,
3538U0YQ1F7Y0VWY5ZKFSY97VJVF3Y,3JEJVC0BACP0ACQ5IL1815R6EAPNK8,Record the start time and stop time of all diving actions in a 1min video,Record the start time and stop time of all diving instances in a ~1min video,"video, segmentation, label",$0.05,Wed Aug 23 14:12:43 PDT 2017,5,BatchId:2916360;OriginalHitTemplateId:920937336;,3600,604800,Wed Aug 30 14:12:43 PDT 2017,,,3LJ7UR74RIQYT3QDT3DDYS58NYMN4A,A2SWFUEA0QH29B,Submitted,Wed Aug 23 18:32:45 PDT 2017,Wed Aug 23 18:35:11 PDT 2017,Wed Aug 30 18:35:11 PDT 2017,,,,146,0% (0/0),0% (0/0),0% (0/0),http://svcl.ucsd.edu/~yingwei/internal/diving_share/firstphase/video_first10/D6zILEKIJbk_020.mp4,"[{""action1"":"""",""action2"":"""",""action3"":"""",""action4"":"""",""athelete_name"":"""",""cam_view"":"""",""position"":"""",""slow_motion"":false,""start_time"":-1,""stop_time"":-1,""dive"":"""",""difficulty"":0,""comment"":"""",""score_time"":-1,""exe_score"":"""",""instances"":[{""cam_view"":""side"",""slow_motion"":false,""stop_time"":37.38,""start_time"":21.74},{""cam_view"":""side"",""slow_motion"":true,""stop_time"":53.22,""start_time"":44.51},{""cam_view"":""top"",""slow_motion"":true,""stop_time"":65.16,""start_time"":53.62}]}]",x,
3538U0YQ1F7Y0VWY5ZKFSY97VJVF3Y,3JEJVC0BACP0ACQ5IL1815R6EAPNK8,Record the start time and stop time of all diving actions in a 1min video,Record the start time and stop time of all diving instances in a ~1min video,"video, segmentation, label",$0.05,Wed Aug 23 14:12:43 PDT 2017,5,BatchId:2916360;OriginalHitTemplateId:920937336;,3600,604800,Wed Aug 30 14:12:43 PDT 2017,,,3WLEIWSYHPUWGTPFMRZC0TBEH8E2HH,A2LN42YO5UY41W,Submitted,Wed Aug 23 16:23:57 PDT 2017,Wed Aug 23 16:27:56 PDT 2017,Wed Aug 30 16:27:56 PDT 2017,,,,239,0% (0/0),0% (0/0),0% (0/0),http://svcl.ucsd.edu/~yingwei/internal/diving_share/firstphase/video_first10/D6zILEKIJbk_020.mp4,"[{""action1"":"""",""action2"":"""",""action3"":"""",""action4"":"""",""athelete_name"":"""",""cam_view"":"""",""position"":"""",""slow_motion"":false,""start_time"":-1,""stop_time"":-1,""dive"":"""",""difficulty"":0,""comment"":"""",""score_time"":-1,""exe_score"":"""",""instances"":[{""cam_view"":""side"",""slow_motion"":false,""stop_time"":36.94,""start_time"":22.93},{""cam_view"":""side"",""slow_motion"":false,""stop_time"":52.57,""start_time"":45.69},{""cam_view"":""top"",""slow_motion"":false,""stop_time"":65.2,""start_time"":54.8}]}]",x,
3538U0YQ1F7Y0VWY5ZKFSY97VJVF3Y,3JEJVC0BACP0ACQ5IL1815R6EAPNK8,Record the start time and stop time of all diving actions in a 1min video,Record the start time and stop time of all diving instances in a ~1min video,"video, segmentation, label",$0.05,Wed Aug 23 14:12:43 PDT 2017,5,BatchId:2916360;OriginalHitTemplateId:920937336;,3600,604800,Wed Aug 30 14:12:43 PDT 2017,,,3X87C8JFV7O2YL5GZW1C0PGJ6P9QS4,A64OWHYGADH5J,Submitted,Wed Aug 23 16:32:19 PDT 2017,Wed Aug 23 16:34:47 PDT 2017,Wed Aug 30 16:34:47 PDT 2017,,,,148,0% (0/0),0% (0/0),0% (0/0),http://svcl.ucsd.edu/~yingwei/internal/diving_share/firstphase/video_first10/D6zILEKIJbk_020.mp4,"[{""action1"":"""",""action2"":"""",""action3"":"""",""action4"":"""",""athelete_name"":"""",""cam_view"":"""",""position"":"""",""slow_motion"":false,""start_time"":-1,""stop_time"":-1,""dive"":"""",""difficulty"":0,""comment"":"""",""score_time"":-1,""exe_score"":"""",""instances"":[{""cam_view"":""side"",""slow_motion"":false,""stop_time"":37.01,""start_time"":22},{""cam_view"":""side"",""slow_motion"":true,""stop_time"":52.01,""start_time"":44.58},{""cam_view"":""top"",""slow_motion"":false,""stop_time"":64.22,""start_time"":60}]}]",x,
33P2GD6NRN5OAPVBLV0EC52MMKUHK9,3JEJVC0BACP0ACQ5IL1815R6EAPNK8,Record the start time and stop time of all diving actions in a 1min video,Record the start time and stop time of all diving instances in a ~1min video,"video, segmentation, label",$0.05,Wed Aug 23 14:12:43 PDT 2017,5,BatchId:2916360;OriginalHitTemplateId:920937336;,3600,604800,Wed Aug 30 14:12:43 PDT 2017,,,3G5W44VEU8VDXDYURRNYFPL7J8QKGP,A34GCR8HT5VWLO,Submitted,Wed Aug 23 18:05:25 PDT 2017,Wed Aug 23 18:08:04 PDT 2017,Wed Aug 30 18:08:04 PDT 2017,,,,159,0% (0/0),0% (0/0),0% (0/0),http://svcl.ucsd.edu/~yingwei/internal/diving_share/firstphase/video_first10/RWNrARSbRCY_022.mp4,"[{""action1"":"""",""action2"":"""",""action3"":"""",""action4"":"""",""athelete_name"":"""",""cam_view"":"""",""position"":"""",""slow_motion"":false,""start_time"":-1,""stop_time"":-1,""dive"":"""",""difficulty"":0,""comment"":"""",""score_time"":-1,""exe_score"":"""",""instances"":[{""cam_view"":""side"",""slow_motion"":false,""stop_time"":39.42,""start_time"":18.26},{""cam_view"":""front"",""slow_motion"":true,""stop_time"":58.32,""start_time"":52.27},{""cam_view"":""side"",""slow_motion"":true,""stop_time"":65.83,""start_time"":58.32}]}]",x,
33P2GD6NRN5OAPVBLV0EC52MMKUHK9,3JEJVC0BACP0ACQ5IL1815R6EAPNK8,Record the start time and stop time of all diving actions in a 1min video,Record the start time and stop time of all diving instances in a ~1min video,"video, segmentation, label",$0.05,Wed Aug 23 14:12:43 PDT 2017,5,BatchId:2916360;OriginalHitTemplateId:920937336;,3600,604800,Wed Aug 30 14:12:43 PDT 2017,,,3IRIK4HM3BXTHMX0N1XEFFVAKLH6CZ,AE67FLJJ73P9V,Submitted,Wed Aug 23 19:48:56 PDT 2017,Wed Aug 23 19:51:10 PDT 2017,Wed Aug 30 19:51:10 PDT 2017,,,,134,0% (0/0),0% (0/0),0% (0/0),http://svcl.ucsd.edu/~yingwei/internal/diving_share/firstphase/video_first10/RWNrARSbRCY_022.mp4,"[{""action1"":"""",""action2"":"""",""action3"":"""",""action4"":"""",""athelete_name"":"""",""cam_view"":"""",""position"":"""",""slow_motion"":false,""start_time"":-1,""stop_time"":-1,""dive"":"""",""difficulty"":0,""comment"":"""",""score_time"":-1,""exe_score"":"""",""instances"":[{""cam_view"":""side"",""slow_motion"":false,""stop_time"":39,""start_time"":36},{""cam_view"":""front"",""slow_motion"":true,""stop_time"":57,""start_time"":52},{""cam_view"":""side"",""slow_motion"":true,""stop_time"":103,""start_time"":58}]}]",x,
33P2GD6NRN5OAPVBLV0EC52MMKUHK9,3JEJVC0BACP0ACQ5IL1815R6EAPNK8,Record the start time and stop time of all diving actions in a 1min video,Record the start time and stop time of all diving instances in a ~1min video,"video, segmentation, label",$0.05,Wed Aug 23 14:12:43 PDT 2017,5,BatchId:2916360;OriginalHitTemplateId:920937336;,3600,604800,Wed Aug 30 14:12:43 PDT 2017,,,3ON104KXQL9OGXZRL440UBIZGAR4WJ,A1KXZAEFL58Z1E,Submitted,Wed Aug 23 18:40:59 PDT 2017,Wed Aug 23 18:45:59 PDT 2017,Wed Aug 30 18:45:59 PDT 2017,,,,300,0% (0/0),0% (0/0),0% (0/0),http://svcl.ucsd.edu/~yingwei/internal/diving_share/firstphase/video_first10/RWNrARSbRCY_022.mp4,"[{""action1"":"""",""action2"":"""",""action3"":"""",""action4"":"""",""athelete_name"":"""",""cam_view"":"""",""position"":"""",""slow_motion"":false,""start_time"":-1,""stop_time"":-1,""dive"":"""",""difficulty"":0,""comment"":"""",""score_time"":-1,""exe_score"":"""",""instances"":[{""cam_view"":""side"",""slow_motion"":false,""stop_time"":38,""start_time"":35},{""cam_view"":""front"",""slow_motion"":false,""stop_time"":56,""start_time"":52},{""cam_view"":""side"",""slow_motion"":false,""stop_time"":63,""start_time"":59}]}]",x,
33P2GD6NRN5OAPVBLV0EC52MMKUHK9,3JEJVC0BACP0ACQ5IL1815R6EAPNK8,Record the start time and stop time of all diving actions in a 1min video,Record the start time and stop time of all diving instances in a ~1min video,"video, segmentation, label",$0.05,Wed Aug 23 14:12:43 PDT 2017,5,BatchId:2916360;OriginalHitTemplateId:920937336;,3600,604800,Wed Aug 30 14:12:43 PDT 2017,,,3PS7W85Z80FXLM197UVGOZMGY8JT9A,A2LN42YO5UY41W,Submitted,Wed Aug 23 16:29:47 PDT 2017,Wed Aug 23 16:31:54 PDT 2017,Wed Aug 30 16:31:54 PDT 2017,,,,127,0% (0/0),0% (0/0),0% (0/0),http://svcl.ucsd.edu/~yingwei/internal/diving_share/firstphase/video_first10/RWNrARSbRCY_022.mp4,"[{""action1"":"""",""action2"":"""",""action3"":"""",""action4"":"""",""athelete_name"":"""",""cam_view"":"""",""position"":"""",""slow_motion"":false,""start_time"":-1,""stop_time"":-1,""dive"":"""",""difficulty"":0,""comment"":"""",""score_time"":-1,""exe_score"":"""",""instances"":[{""cam_view"":""side"",""slow_motion"":false,""stop_time"":39.3,""start_time"":24.67},{""cam_view"":""back"",""slow_motion"":false,""stop_time"":57.94,""start_time"":52.11},{""cam_view"":""side"",""slow_motion"":true,""stop_time"":64.26,""start_time"":59.89}]}]",x,
33P2GD6NRN5OAPVBLV0EC52MMKUHK9,3JEJVC0BACP0ACQ5IL1815R6EAPNK8,Record the start time and stop time of all diving actions in a 1min video,Record the start time and stop time of all diving instances in a ~1min video,"video, segmentation, label",$0.05,Wed Aug 23 14:12:43 PDT 2017,5,BatchId:2916360;OriginalHitTemplateId:920937336;,3600,604800,Wed Aug 30 14:12:43 PDT 2017,,,3TY7ZAOG5GXGM9N9DPYVUXYRCRZK0K,A1VSFVHC6N3FSB,Submitted,Wed Aug 23 17:03:55 PDT 2017,Wed Aug 23 17:05:06 PDT 2017,Wed Aug 30 17:05:06 PDT 2017,,,,71,0% (0/0),0% (0/0),0% (0/0),http://svcl.ucsd.edu/~yingwei/internal/diving_share/firstphase/video_first10/RWNrARSbRCY_022.mp4,"[{""action1"":"""",""action2"":"""",""action3"":"""",""action4"":"""",""athelete_name"":"""",""cam_view"":"""",""position"":"""",""slow_motion"":false,""start_time"":-1,""stop_time"":-1,""dive"":"""",""difficulty"":0,""comment"":"""",""score_time"":-1,""exe_score"":"""",""instances"":[{""cam_view"":""front"",""slow_motion"":false,""stop_time"":37.75,""start_time"":36.68},{""cam_view"":""side"",""slow_motion"":false,""stop_time"":0,""start_time"":0},{""cam_view"":""side"",""slow_motion"":false,""stop_time"":0,""start_time"":0}]}]",x,
389A2A304OVVGRDRVACVIUQXVUJC0P,3JEJVC0BACP0ACQ5IL1815R6EAPNK8,Record the start time and stop time of all diving actions in a 1min video,Record the start time and stop time of all diving instances in a ~1min video,"video, segmentation, label",$0.05,Wed Aug 23 14:12:43 PDT 2017,5,BatchId:2916360;OriginalHitTemplateId:920937336;,3600,604800,Wed Aug 30 14:12:43 PDT 2017,,,33PPO7FECWSJFYYFPY1EWO3XECOID5,A1D5JBBBO1D1FI,Submitted,Wed Aug 23 19:55:53 PDT 2017,Wed Aug 23 19:59:02 PDT 2017,Wed Aug 30 19:59:02 PDT 2017,,,,189,0% (0/0),0% (0/0),0% (0/0),http://svcl.ucsd.edu/~yingwei/internal/diving_share/firstphase/video_first10/Y4ARBzok9aU_014.mp4,"[{""action1"":"""",""action2"":"""",""action3"":"""",""action4"":"""",""athelete_name"":"""",""cam_view"":"""",""position"":"""",""slow_motion"":false,""start_time"":-1,""stop_time"":-1,""dive"":"""",""difficulty"":0,""comment"":"""",""score_time"":-1,""exe_score"":"""",""instances"":[{""cam_view"":""side"",""slow_motion"":false,""stop_time"":15.62,""start_time"":11.3},{""cam_view"":""side"",""slow_motion"":true,""stop_time"":40.14,""start_time"":25.94}]}]",x,
389A2A304OVVGRDRVACVIUQXVUJC0P,3JEJVC0BACP0ACQ5IL1815R6EAPNK8,Record the start time and stop time of all diving actions in a 1min video,Record the start time and stop time of all diving instances in a ~1min video,"video, segmentation, label",$0.05,Wed Aug 23 14:12:43 PDT 2017,5,BatchId:2916360;OriginalHitTemplateId:920937336;,3600,604800,Wed Aug 30 14:12:43 PDT 2017,,,34S6N1K2ZWW2HFBNWXHHFPANN89LHT,A21P2V0BZR6LJN,Submitted,Wed Aug 23 18:51:36 PDT 2017,Wed Aug 23 18:53:29 PDT 2017,Wed Aug 30 18:53:29 PDT 2017,,,,113,0% (0/0),0% (0/0),0% (0/0),http://svcl.ucsd.edu/~yingwei/internal/diving_share/firstphase/video_first10/Y4ARBzok9aU_014.mp4,"[{""action1"":"""",""action2"":"""",""action3"":"""",""action4"":"""",""athelete_name"":"""",""cam_view"":"""",""position"":"""",""slow_motion"":false,""start_time"":-1,""stop_time"":-1,""dive"":"""",""difficulty"":0,""comment"":"""",""score_time"":-1,""exe_score"":"""",""instances"":[{""cam_view"":""side"",""slow_motion"":false,""stop_time"":14.94,""start_time"":1.19},{""cam_view"":""side"",""slow_motion"":false,""stop_time"":38.42,""start_time"":26.34},{""cam_view"":""side"",""slow_motion"":false,""stop_time"":0,""start_time"":0}]}]",x,
389A2A304OVVGRDRVACVIUQXVUJC0P,3JEJVC0BACP0ACQ5IL1815R6EAPNK8,Record the start time and stop time of all diving actions in a 1min video,Record the start time and stop time of all diving instances in a ~1min video,"video, segmentation, label",$0.05,Wed Aug 23 14:12:43 PDT 2017,5,BatchId:2916360;OriginalHitTemplateId:920937336;,3600,604800,Wed Aug 30 14:12:43 PDT 2017,,,38YMOXR4MVC2VK354SXFR92DC1WW6V,A1KXZAEFL58Z1E,Submitted,Wed Aug 23 18:28:55 PDT 2017,Wed Aug 23 18:33:00 PDT 2017,Wed Aug 30 18:33:00 PDT 2017,,,,245,0% (0/0),0% (0/0),0% (0/0),http://svcl.ucsd.edu/~yingwei/internal/diving_share/firstphase/video_first10/Y4ARBzok9aU_014.mp4,"[{""action1"":"""",""action2"":"""",""action3"":"""",""action4"":"""",""athelete_name"":"""",""cam_view"":"""",""position"":"""",""slow_motion"":false,""start_time"":-1,""stop_time"":-1,""dive"":"""",""difficulty"":0,""comment"":"""",""score_time"":-1,""exe_score"":"""",""instances"":[{""cam_view"":""side"",""slow_motion"":false,""stop_time"":15,""start_time"":12},{""cam_view"":""side"",""slow_motion"":true,""stop_time"":38,""start_time"":26}]}]",x,
389A2A304OVVGRDRVACVIUQXVUJC0P,3JEJVC0BACP0ACQ5IL1815R6EAPNK8,Record the start time and stop time of all diving actions in a 1min video,Record the start time and stop time of all diving instances in a ~1min video,"video, segmentation, label",$0.05,Wed Aug 23 14:12:43 PDT 2017,5,BatchId:2916360;OriginalHitTemplateId:920937336;,3600,604800,Wed Aug 30 14:12:43 PDT 2017,,,3GLB5JMZFY85J7SKZA1BBCQHZZRDG3,A1VSFVHC6N3FSB,Submitted,Wed Aug 23 16:53:44 PDT 2017,Wed Aug 23 16:54:29 PDT 2017,Wed Aug 30 16:54:29 PDT 2017,,,,45,0% (0/0),0% (0/0),0% (0/0),http://svcl.ucsd.edu/~yingwei/internal/diving_share/firstphase/video_first10/Y4ARBzok9aU_014.mp4,"[{""action1"":"""",""action2"":"""",""action3"":"""",""action4"":"""",""athelete_name"":"""",""cam_view"":"""",""position"":"""",""slow_motion"":false,""start_time"":-1,""stop_time"":-1,""dive"":"""",""difficulty"":0,""comment"":"""",""score_time"":-1,""exe_score"":"""",""instances"":[{""cam_view"":""side"",""slow_motion"":true,""stop_time"":14.44,""start_time"":12.6},{""cam_view"":""side"",""slow_motion"":false,""stop_time"":0,""start_time"":0},{""cam_view"":""side"",""slow_motion"":false,""stop_time"":0,""start_time"":0}]}]",x,
389A2A304OVVGRDRVACVIUQXVUJC0P,3JEJVC0BACP0ACQ5IL1815R6EAPNK8,Record the start time and stop time of all diving actions in a 1min video,Record the start time and stop time of all diving instances in a ~1min video,"video, segmentation, label",$0.05,Wed Aug 23 14:12:43 PDT 2017,5,BatchId:2916360;OriginalHitTemplateId:920937336;,3600,604800,Wed Aug 30 14:12:43 PDT 2017,,,3RXPCZQMQQOBRCC8JHHGAAP8A2SG1K,AE67FLJJ73P9V,Submitted,Wed Aug 23 19:13:10 PDT 2017,Wed Aug 23 19:15:15 PDT 2017,Wed Aug 30 19:15:15 PDT 2017,,,,125,0% (0/0),0% (0/0),0% (0/0),http://svcl.ucsd.edu/~yingwei/internal/diving_share/firstphase/video_first10/Y4ARBzok9aU_014.mp4,"[{""action1"":"""",""action2"":"""",""action3"":"""",""action4"":"""",""athelete_name"":"""",""cam_view"":"""",""position"":"""",""slow_motion"":false,""start_time"":-1,""stop_time"":-1,""dive"":"""",""difficulty"":0,""comment"":"""",""score_time"":-1,""exe_score"":"""",""instances"":[{""cam_view"":""side"",""slow_motion"":false,""stop_time"":15,""start_time"":11},{""cam_view"":""side"",""slow_motion"":true,""stop_time"":39,""start_time"":25},{""cam_view"":""side"",""slow_motion"":false,""stop_time"":0,""start_time"":0}]}]",x,
3W31J70BAS9XTHKVZ3MD1E569SPKC3,3JEJVC0BACP0ACQ5IL1815R6EAPNK8,Record the start time and stop time of all diving actions in a 1min video,Record the start time and stop time of all diving instances in a ~1min video,"video, segmentation, label",$0.05,Wed Aug 23 14:12:43 PDT 2017,5,BatchId:2916360;OriginalHitTemplateId:920937336;,3600,604800,Wed Aug 30 14:12:43 PDT 2017,,,33CUSNVVNOPE9XQBZ4E7X7VI0PH88C,A1VSFVHC6N3FSB,Submitted,Wed Aug 23 16:48:17 PDT 2017,Wed Aug 23 16:48:53 PDT 2017,Wed Aug 30 16:48:53 PDT 2017,,,,36,0% (0/0),0% (0/0),0% (0/0),http://svcl.ucsd.edu/~yingwei/internal/diving_share/firstphase/video_first10/cYkUl8MrXgA_089.mp4,"[{""action1"":"""",""action2"":"""",""action3"":"""",""action4"":"""",""athelete_name"":"""",""cam_view"":"""",""position"":"""",""slow_motion"":false,""start_time"":-1,""stop_time"":-1,""dive"":"""",""difficulty"":0,""comment"":"""",""score_time"":-1,""exe_score"":"""",""instances"":[{""cam_view"":""side"",""slow_motion"":true,""stop_time"":5.94,""start_time"":4.23},{""cam_view"":""side"",""slow_motion"":false,""stop_time"":0,""start_time"":0},{""cam_view"":""side"",""slow_motion"":false,""stop_time"":0,""start_time"":0}]}]",,You only label one or less instance which doesn't meet our demand.
3W31J70BAS9XTHKVZ3MD1E569SPKC3,3JEJVC0BACP0ACQ5IL1815R6EAPNK8,Record the start time and stop time of all diving actions in a 1min video,Record the start time and stop time of all diving instances in a ~1min video,"video, segmentation, label",$0.05,Wed Aug 23 14:12:43 PDT 2017,5,BatchId:2916360;OriginalHitTemplateId:920937336;,3600,604800,Wed Aug 30 14:12:43 PDT 2017,,,34FNN24DCNMA1LYREA5YK09TRENY5I,AE67FLJJ73P9V,Submitted,Wed Aug 23 19:45:31 PDT 2017,Wed Aug 23 19:47:23 PDT 2017,Wed Aug 30 19:47:23 PDT 2017,,,,112,0% (0/0),0% (0/0),0% (0/0),http://svcl.ucsd.edu/~yingwei/internal/diving_share/firstphase/video_first10/cYkUl8MrXgA_089.mp4,"[{""action1"":"""",""action2"":"""",""action3"":"""",""action4"":"""",""athelete_name"":"""",""cam_view"":"""",""position"":"""",""slow_motion"":false,""start_time"":-1,""stop_time"":-1,""dive"":"""",""difficulty"":0,""comment"":"""",""score_time"":-1,""exe_score"":"""",""instances"":[{""cam_view"":""side"",""slow_motion"":false,""stop_time"":5,""start_time"":2},{""cam_view"":""side"",""slow_motion"":true,""stop_time"":23,""start_time"":15},{""cam_view"":""side"",""slow_motion"":true,""stop_time"":35,""start_time"":25}]}]",x,
3W31J70BAS9XTHKVZ3MD1E569SPKC3,3JEJVC0BACP0ACQ5IL1815R6EAPNK8,Record the start time and stop time of all diving actions in a 1min video,Record the start time and stop time of all diving instances in a ~1min video,"video, segmentation, label",$0.05,Wed Aug 23 14:12:43 PDT 2017,5,BatchId:2916360;OriginalHitTemplateId:920937336;,3600,604800,Wed Aug 30 14:12:43 PDT 2017,,,369J354OFEN6YYD5PNTX56GPID4G6E,A1KXZAEFL58Z1E,Submitted,Wed Aug 23 16:53:40 PDT 2017,Wed Aug 23 17:06:53 PDT 2017,Wed Aug 30 17:06:53 PDT 2017,,,,793,0% (0/0),0% (0/0),0% (0/0),http://svcl.ucsd.edu/~yingwei/internal/diving_share/firstphase/video_first10/cYkUl8MrXgA_089.mp4,"[{""action1"":"""",""action2"":"""",""action3"":"""",""action4"":"""",""athelete_name"":"""",""cam_view"":"""",""position"":"""",""slow_motion"":false,""start_time"":-1,""stop_time"":-1,""dive"":"""",""difficulty"":0,""comment"":"""",""score_time"":-1,""exe_score"":"""",""instances"":[{""cam_view"":""side"",""slow_motion"":false,""stop_time"":6,""start_time"":3},{""cam_view"":""side"",""slow_motion"":true,""stop_time"":22,""start_time"":15},{""cam_view"":""side"",""slow_motion"":true,""stop_time"":34,""start_time"":25}]}]",x,
3W31J70BAS9XTHKVZ3MD1E569SPKC3,3JEJVC0BACP0ACQ5IL1815R6EAPNK8,Record the start time and stop time of all diving actions in a 1min video,Record the start time and stop time of all diving instances in a ~1min video,"video, segmentation, label",$0.05,Wed Aug 23 14:12:43 PDT 2017,5,BatchId:2916360;OriginalHitTemplateId:920937336;,3600,604800,Wed Aug 30 14:12:43 PDT 2017,,,3Q5C1WP23NEDBFNO2LYP6DYJKTD51Q,A1JX27PY35GDFR,Submitted,Wed Aug 23 18:42:23 PDT 2017,Wed Aug 23 18:45:14 PDT 2017,Wed Aug 30 18:45:14 PDT 2017,,,,171,0% (0/0),0% (0/0),0% (0/0),http://svcl.ucsd.edu/~yingwei/internal/diving_share/firstphase/video_first10/cYkUl8MrXgA_089.mp4,"[{""action1"":"""",""action2"":"""",""action3"":"""",""action4"":"""",""athelete_name"":"""",""cam_view"":"""",""position"":"""",""slow_motion"":false,""start_time"":-1,""stop_time"":-1,""dive"":"""",""difficulty"":0,""comment"":"""",""score_time"":-1,""exe_score"":"""",""instances"":[{""cam_view"":""side"",""slow_motion"":false,""stop_time"":6.5,""start_time"":3.6},{""cam_view"":""side"",""slow_motion"":true,""stop_time"":23.03,""start_time"":15.53},{""cam_view"":""side"",""slow_motion"":true,""stop_time"":35.45,""start_time"":25.3}]}]",x,
3W31J70BAS9XTHKVZ3MD1E569SPKC3,3JEJVC0BACP0ACQ5IL1815R6EAPNK8,Record the start time and stop time of all diving actions in a 1min video,Record the start time and stop time of all diving instances in a ~1min video,"video, segmentation, label",$0.05,Wed Aug 23 14:12:43 PDT 2017,5,BatchId:2916360;OriginalHitTemplateId:920937336;,3600,604800,Wed Aug 30 14:12:43 PDT 2017,,,3SNVL38CI550G1IPP5RFPY0SLG0KCH,A1LPW6OKC2S4OM,Submitted,Wed Aug 23 19:33:24 PDT 2017,Wed Aug 23 19:36:32 PDT 2017,Wed Aug 30 19:36:32 PDT 2017,,,,188,100% (8/8),100% (8/8),100% (8/8),http://svcl.ucsd.edu/~yingwei/internal/diving_share/firstphase/video_first10/cYkUl8MrXgA_089.mp4,"[{""action1"":"""",""action2"":"""",""action3"":"""",""action4"":"""",""athelete_name"":"""",""cam_view"":"""",""position"":"""",""slow_motion"":false,""start_time"":-1,""stop_time"":-1,""dive"":"""",""difficulty"":0,""comment"":"""",""score_time"":-1,""exe_score"":"""",""instances"":[{""cam_view"":""side"",""slow_motion"":false,""stop_time"":6.47,""start_time"":3},{""cam_view"":""side"",""slow_motion"":true,""stop_time"":25.04,""start_time"":15.36},{""cam_view"":""side"",""slow_motion"":true,""stop_time"":35.8,""start_time"":25.4}]}]",x,
3KA7IJSNW6IFU3P5YVVQMBLNLHVPB2,3JEJVC0BACP0ACQ5IL1815R6EAPNK8,Record the start time and stop time of all diving actions in a 1min video,Record the start time and stop time of all diving instances in a ~1min video,"video, segmentation, label",$0.05,Wed Aug 23 14:12:43 PDT 2017,5,BatchId:2916360;OriginalHitTemplateId:920937336;,3600,604800,Wed Aug 30 14:12:43 PDT 2017,,,3AWETUDC935MIZ3BHGQBNGM02UTZIG,A1VSFVHC6N3FSB,Submitted,Wed Aug 23 17:09:04 PDT 2017,Wed Aug 23 17:10:00 PDT 2017,Wed Aug 30 17:10:00 PDT 2017,,,,56,0% (0/0),0% (0/0),0% (0/0),http://svcl.ucsd.edu/~yingwei/internal/diving_share/firstphase/video_first10/ZAmJsIcfFOA_041.mp4,"[{""action1"":"""",""action2"":"""",""action3"":"""",""action4"":"""",""athelete_name"":"""",""cam_view"":"""",""position"":"""",""slow_motion"":false,""start_time"":-1,""stop_time"":-1,""dive"":"""",""difficulty"":0,""comment"":"""",""score_time"":-1,""exe_score"":"""",""instances"":[{""cam_view"":""front"",""slow_motion"":true,""stop_time"":23.64,""start_time"":22.32},{""cam_view"":""side"",""slow_motion"":false,""stop_time"":0,""start_time"":0},{""cam_view"":""side"",""slow_motion"":false,""stop_time"":0,""start_time"":0}]}]",,You only label one or less instance which doesn't meet our demand.
3KA7IJSNW6IFU3P5YVVQMBLNLHVPB2,3JEJVC0BACP0ACQ5IL1815R6EAPNK8,Record the start time and stop time of all diving actions in a 1min video,Record the start time and stop time of all diving instances in a ~1min video,"video, segmentation, label",$0.05,Wed Aug 23 14:12:43 PDT 2017,5,BatchId:2916360;OriginalHitTemplateId:920937336;,3600,604800,Wed Aug 30 14:12:43 PDT 2017,,,3F6HPJW4JEDEDJK4HQLC1WL1WWHW21,A3QBQTSZM9XCBT,Submitted,Wed Aug 23 15:26:33 PDT 2017,Wed Aug 23 15:27:33 PDT 2017,Wed Aug 30 15:27:33 PDT 2017,,,,60,0% (0/0),0% (0/0),0% (0/0),http://svcl.ucsd.edu/~yingwei/internal/diving_share/firstphase/video_first10/ZAmJsIcfFOA_041.mp4,"[{""action1"":"""",""action2"":"""",""action3"":"""",""action4"":"""",""athelete_name"":"""",""cam_view"":"""",""position"":"""",""slow_motion"":false,""start_time"":-1,""stop_time"":-1,""dive"":"""",""difficulty"":0,""comment"":"""",""score_time"":-1,""exe_score"":"""",""instances"":[{""cam_view"":""side"",""slow_motion"":false,""stop_time"":25,""start_time"":22},{""cam_view"":""side"",""slow_motion"":false,""stop_time"":39.43,""start_time"":32.29},{""cam_view"":""top"",""slow_motion"":false,""stop_time"":53.18,""start_time"":48.08}]}]",x,
3KA7IJSNW6IFU3P5YVVQMBLNLHVPB2,3JEJVC0BACP0ACQ5IL1815R6EAPNK8,Record the start time and stop time of all diving actions in a 1min video,Record the start time and stop time of all diving instances in a ~1min video,"video, segmentation, label",$0.05,Wed Aug 23 14:12:43 PDT 2017,5,BatchId:2916360;OriginalHitTemplateId:920937336;,3600,604800,Wed Aug 30 14:12:43 PDT 2017,,,3FPRZHYEPZKQJCGIVGULY47FV1U3VO,AE67FLJJ73P9V,Submitted,Wed Aug 23 19:19:24 PDT 2017,Wed Aug 23 19:22:11 PDT 2017,Wed Aug 30 19:22:11 PDT 2017,,,,167,0% (0/0),0% (0/0),0% (0/0),http://svcl.ucsd.edu/~yingwei/internal/diving_share/firstphase/video_first10/ZAmJsIcfFOA_041.mp4,"[{""action1"":"""",""action2"":"""",""action3"":"""",""action4"":"""",""athelete_name"":"""",""cam_view"":"""",""position"":"""",""slow_motion"":false,""start_time"":-1,""stop_time"":-1,""dive"":"""",""difficulty"":0,""comment"":"""",""score_time"":-1,""exe_score"":"""",""instances"":[{""cam_view"":""side"",""slow_motion"":false,""stop_time"":24,""start_time"":22},{""cam_view"":""side"",""slow_motion"":true,""stop_time"":40,""start_time"":32},{""cam_view"":""top"",""slow_motion"":false,""stop_time"":50,""start_time"":47}]}]",x,
3KA7IJSNW6IFU3P5YVVQMBLNLHVPB2,3JEJVC0BACP0ACQ5IL1815R6EAPNK8,Record the start time and stop time of all diving actions in a 1min video,Record the start time and stop time of all diving instances in a ~1min video,"video, segmentation, label",$0.05,Wed Aug 23 14:12:43 PDT 2017,5,BatchId:2916360;OriginalHitTemplateId:920937336;,3600,604800,Wed Aug 30 14:12:43 PDT 2017,,,3JNQLM5FT5ZY2P85DCEASL4LYPRL2B,A3RBW8WN8OUJOJ,Submitted,Wed Aug 23 18:47:23 PDT 2017,Wed Aug 23 19:00:18 PDT 2017,Wed Aug 30 19:00:18 PDT 2017,,,,775,0% (0/0),0% (0/0),0% (0/0),http://svcl.ucsd.edu/~yingwei/internal/diving_share/firstphase/video_first10/ZAmJsIcfFOA_041.mp4,"[{""action1"":"""",""action2"":"""",""action3"":"""",""action4"":"""",""athelete_name"":"""",""cam_view"":"""",""position"":"""",""slow_motion"":false,""start_time"":-1,""stop_time"":-1,""dive"":"""",""difficulty"":0,""comment"":"""",""score_time"":-1,""exe_score"":"""",""instances"":[{""cam_view"":""side"",""slow_motion"":false,""stop_time"":24.6,""start_time"":21.37},{""cam_view"":""side"",""slow_motion"":true,""stop_time"":38.6,""start_time"":32.27},{""cam_view"":""side"",""slow_motion"":true,""stop_time"":52.3,""start_time"":48.2}]}]",x,
3KA7IJSNW6IFU3P5YVVQMBLNLHVPB2,3JEJVC0BACP0ACQ5IL1815R6EAPNK8,Record the start time and stop time of all diving actions in a 1min video,Record the start time and stop time of all diving instances in a ~1min video,"video, segmentation, label",$0.05,Wed Aug 23 14:12:43 PDT 2017,5,BatchId:2916360;OriginalHitTemplateId:920937336;,3600,604800,Wed Aug 30 14:12:43 PDT 2017,,,3OS4RQUCRAS6QAY5AU4NY125VZHFB1,A1KXZAEFL58Z1E,Submitted,Wed Aug 23 18:04:31 PDT 2017,Wed Aug 23 18:09:16 PDT 2017,Wed Aug 30 18:09:16 PDT 2017,,,,285,0% (0/0),0% (0/0),0% (0/0),http://svcl.ucsd.edu/~yingwei/internal/diving_share/firstphase/video_first10/ZAmJsIcfFOA_041.mp4,"[{""action1"":"""",""action2"":"""",""action3"":"""",""action4"":"""",""athelete_name"":"""",""cam_view"":"""",""position"":"""",""slow_motion"":false,""start_time"":-1,""stop_time"":-1,""dive"":"""",""difficulty"":0,""comment"":"""",""score_time"":-1,""exe_score"":"""",""instances"":[{""cam_view"":""side"",""slow_motion"":false,""stop_time"":24,""start_time"":21},{""cam_view"":""side"",""slow_motion"":true,""stop_time"":38,""start_time"":32},{""cam_view"":""top"",""slow_motion"":true,""stop_time"":52,""start_time"":48}]}]",x,
36U4VBVNQOQF2FEQBEGAWWDQBKQRUD,3JEJVC0BACP0ACQ5IL1815R6EAPNK8,Record the start time and stop time of all diving actions in a 1min video,Record the start time and stop time of all diving instances in a ~1min video,"video, segmentation, label",$0.05,Wed Aug 23 14:12:43 PDT 2017,5,BatchId:2916360;OriginalHitTemplateId:920937336;,3600,604800,Wed Aug 30 14:12:43 PDT 2017,,,352YTHGROWQ6J742Q5I0T88C1MB4HG,AXQAPTJ3L58OP,Submitted,Wed Aug 23 16:38:27 PDT 2017,Wed Aug 23 16:40:30 PDT 2017,Wed Aug 30 16:40:30 PDT 2017,,,,123,0% (0/0),0% (0/0),0% (0/0),http://svcl.ucsd.edu/~yingwei/internal/diving_share/firstphase/video_first10/cYkUl8MrXgA_036.mp4,"[{""action1"":"""",""action2"":"""",""action3"":"""",""action4"":"""",""athelete_name"":"""",""cam_view"":"""",""position"":"""",""slow_motion"":false,""start_time"":-1,""stop_time"":-1,""dive"":"""",""difficulty"":0,""comment"":"""",""score_time"":-1,""exe_score"":"""",""instances"":[{""cam_view"":""side"",""slow_motion"":false,""stop_time"":0,""start_time"":0},{""cam_view"":""side"",""slow_motion"":false,""stop_time"":0,""start_time"":0},{""cam_view"":""side"",""slow_motion"":false,""stop_time"":0,""start_time"":0}]}]",,You only label one or less instance which doesn't meet our demand.
36U4VBVNQOQF2FEQBEGAWWDQBKQRUD,3JEJVC0BACP0ACQ5IL1815R6EAPNK8,Record the start time and stop time of all diving actions in a 1min video,Record the start time and stop time of all diving instances in a ~1min video,"video, segmentation, label",$0.05,Wed Aug 23 14:12:43 PDT 2017,5,BatchId:2916360;OriginalHitTemplateId:920937336;,3600,604800,Wed Aug 30 14:12:43 PDT 2017,,,3IUZPWIU1PK9UZOU6WRG1S7VDWFWKZ,A18Q96TEN80REC,Submitted,Wed Aug 23 17:42:08 PDT 2017,Wed Aug 23 17:43:46 PDT 2017,Wed Aug 30 17:43:46 PDT 2017,,,,98,0% (0/0),0% (0/0),0% (0/0),http://svcl.ucsd.edu/~yingwei/internal/diving_share/firstphase/video_first10/cYkUl8MrXgA_036.mp4,"[{""action1"":"""",""action2"":"""",""action3"":"""",""action4"":"""",""athelete_name"":"""",""cam_view"":"""",""position"":"""",""slow_motion"":false,""start_time"":-1,""stop_time"":-1,""dive"":"""",""difficulty"":0,""comment"":"""",""score_time"":-1,""exe_score"":"""",""instances"":[{""cam_view"":""back"",""slow_motion"":false,""stop_time"":15.79,""start_time"":12.14},{""cam_view"":""back"",""slow_motion"":false,""stop_time"":16.61,""start_time"":12.7},{""cam_view"":""back"",""slow_motion"":false,""stop_time"":16.68,""start_time"":12.31}]}]",x,
36U4VBVNQOQF2FEQBEGAWWDQBKQRUD,3JEJVC0BACP0ACQ5IL1815R6EAPNK8,Record the start time and stop time of all diving actions in a 1min video,Record the start time and stop time of all diving instances in a ~1min video,"video, segmentation, label",$0.05,Wed Aug 23 14:12:43 PDT 2017,5,BatchId:2916360;OriginalHitTemplateId:920937336;,3600,604800,Wed Aug 30 14:12:43 PDT 2017,,,3KYQYYSHYWKTBK9INTEJGLZJQLIOD1,A1VSFVHC6N3FSB,Submitted,Wed Aug 23 16:57:22 PDT 2017,Wed Aug 23 16:58:25 PDT 2017,Wed Aug 30 16:58:25 PDT 2017,,,,63,0% (0/0),0% (0/0),0% (0/0),http://svcl.ucsd.edu/~yingwei/internal/diving_share/firstphase/video_first10/cYkUl8MrXgA_036.mp4,"[{""action1"":"""",""action2"":"""",""action3"":"""",""action4"":"""",""athelete_name"":"""",""cam_view"":"""",""position"":"""",""slow_motion"":false,""start_time"":-1,""stop_time"":-1,""dive"":"""",""difficulty"":0,""comment"":"""",""score_time"":-1,""exe_score"":"""",""instances"":[{""cam_view"":""front"",""slow_motion"":false,""stop_time"":14.37,""start_time"":12.48},{""cam_view"":""side"",""slow_motion"":false,""stop_time"":0,""start_time"":0},{""cam_view"":""side"",""slow_motion"":false,""stop_time"":0,""start_time"":0}]}]",x,
36U4VBVNQOQF2FEQBEGAWWDQBKQRUD,3JEJVC0BACP0ACQ5IL1815R6EAPNK8,Record the start time and stop time of all diving actions in a 1min video,Record the start time and stop time of all diving instances in a ~1min video,"video, segmentation, label",$0.05,Wed Aug 23 14:12:43 PDT 2017,5,BatchId:2916360;OriginalHitTemplateId:920937336;,3600,604800,Wed Aug 30 14:12:43 PDT 2017,,,3LRKMWOKB6UI7EP9SD5J00FJDYW2Z8,A1KXZAEFL58Z1E,Submitted,Wed Aug 23 16:42:51 PDT 2017,Wed Aug 23 16:46:29 PDT 2017,Wed Aug 30 16:46:29 PDT 2017,,,,218,0% (0/0),0% (0/0),0% (0/0),http://svcl.ucsd.edu/~yingwei/internal/diving_share/firstphase/video_first10/cYkUl8MrXgA_036.mp4,"[{""action1"":"""",""action2"":"""",""action3"":"""",""action4"":"""",""athelete_name"":"""",""cam_view"":"""",""position"":"""",""slow_motion"":false,""start_time"":-1,""stop_time"":-1,""dive"":"""",""difficulty"":0,""comment"":"""",""score_time"":-1,""exe_score"":"""",""instances"":[{""cam_view"":""side"",""slow_motion"":false,""stop_time"":15,""start_time"":12},{""cam_view"":""side"",""slow_motion"":true,""stop_time"":30,""start_time"":23},{""cam_view"":""back"",""slow_motion"":false,""stop_time"":36,""start_time"":33}]}]",x,
36U4VBVNQOQF2FEQBEGAWWDQBKQRUD,3JEJVC0BACP0ACQ5IL1815R6EAPNK8,Record the start time and stop time of all diving actions in a 1min video,Record the start time and stop time of all diving instances in a ~1min video,"video, segmentation, label",$0.05,Wed Aug 23 14:12:43 PDT 2017,5,BatchId:2916360;OriginalHitTemplateId:920937336;,3600,604800,Wed Aug 30 14:12:43 PDT 2017,,,3OB0CAO74I2MHEIMFC679XCJWN8YHT,A3IDSTX0YIA8G2,Submitted,Wed Aug 23 16:16:31 PDT 2017,Wed Aug 23 16:17:22 PDT 2017,Wed Aug 30 16:17:22 PDT 2017,,,,51,0% (0/0),0% (0/0),0% (0/0),http://svcl.ucsd.edu/~yingwei/internal/diving_share/firstphase/video_first10/cYkUl8MrXgA_036.mp4,"[{""action1"":"""",""action2"":"""",""action3"":"""",""action4"":"""",""athelete_name"":"""",""cam_view"":"""",""position"":"""",""slow_motion"":false,""start_time"":-1,""stop_time"":-1,""dive"":"""",""difficulty"":0,""comment"":"""",""score_time"":-1,""exe_score"":"""",""instances"":[{""cam_view"":""side"",""slow_motion"":false,""stop_time"":14.73,""start_time"":2},{""cam_view"":""side"",""slow_motion"":true,""stop_time"":29.74,""start_time"":23.62},{""cam_view"":""side"",""slow_motion"":true,""stop_time"":39.05,""start_time"":34.21}]}]",x,
3NQUW096N6L6FPVA8JONEOHDS7R9LE,3JEJVC0BACP0ACQ5IL1815R6EAPNK8,Record the start time and stop time of all diving actions in a 1min video,Record the start time and stop time of all diving instances in a ~1min video,"video, segmentation, label",$0.05,Wed Aug 23 14:12:43 PDT 2017,5,BatchId:2916360;OriginalHitTemplateId:920937336;,3600,604800,Wed Aug 30 14:12:43 PDT 2017,,,320DUZ38G8ZIMTSC96NMEALU4JLGJH,A1KXZAEFL58Z1E,Submitted,Wed Aug 23 15:56:38 PDT 2017,Wed Aug 23 16:02:44 PDT 2017,Wed Aug 30 16:02:44 PDT 2017,,,,366,0% (0/0),0% (0/0),0% (0/0),http://svcl.ucsd.edu/~yingwei/internal/diving_share/firstphase/video_first10/cYkUl8MrXgA_048.mp4,"[{""action1"":"""",""action2"":"""",""action3"":"""",""action4"":"""",""athelete_name"":"""",""cam_view"":"""",""position"":"""",""slow_motion"":false,""start_time"":-1,""stop_time"":-1,""dive"":"""",""difficulty"":0,""comment"":"""",""score_time"":-1,""exe_score"":"""",""instances"":[{""cam_view"":""side"",""slow_motion"":false,""stop_time"":10,""start_time"":7},{""cam_view"":""side"",""slow_motion"":true,""stop_time"":23,""start_time"":17},{""cam_view"":""top"",""slow_motion"":true,""stop_time"":33,""start_time"":26}]}]",x,
3NQUW096N6L6FPVA8JONEOHDS7R9LE,3JEJVC0BACP0ACQ5IL1815R6EAPNK8,Record the start time and stop time of all diving actions in a 1min video,Record the start time and stop time of all diving instances in a ~1min video,"video, segmentation, label",$0.05,Wed Aug 23 14:12:43 PDT 2017,5,BatchId:2916360;OriginalHitTemplateId:920937336;,3600,604800,Wed Aug 30 14:12:43 PDT 2017,,,3BDCF01OGY7O3A1C6XL51P5QD4OLYU,A2SWFUEA0QH29B,Submitted,Wed Aug 23 20:19:35 PDT 2017,Wed Aug 23 20:21:31 PDT 2017,Wed Aug 30 20:21:31 PDT 2017,,,,116,0% (0/0),0% (0/0),0% (0/0),http://svcl.ucsd.edu/~yingwei/internal/diving_share/firstphase/video_first10/cYkUl8MrXgA_048.mp4,"[{""action1"":"""",""action2"":"""",""action3"":"""",""action4"":"""",""athelete_name"":"""",""cam_view"":"""",""position"":"""",""slow_motion"":false,""start_time"":-1,""stop_time"":-1,""dive"":"""",""difficulty"":0,""comment"":"""",""score_time"":-1,""exe_score"":"""",""instances"":[{""cam_view"":""side"",""slow_motion"":false,""stop_time"":10.36,""start_time"":5.09},{""cam_view"":""side"",""slow_motion"":true,""stop_time"":24.82,""start_time"":16.32},{""cam_view"":""top"",""slow_motion"":true,""stop_time"":33.88,""start_time"":26.41}]}]",x,
3NQUW096N6L6FPVA8JONEOHDS7R9LE,3JEJVC0BACP0ACQ5IL1815R6EAPNK8,Record the start time and stop time of all diving actions in a 1min video,Record the start time and stop time of all diving instances in a ~1min video,"video, segmentation, label",$0.05,Wed Aug 23 14:12:43 PDT 2017,5,BatchId:2916360;OriginalHitTemplateId:920937336;,3600,604800,Wed Aug 30 14:12:43 PDT 2017,,,3IJXV6UZ1YWDG8HK7ZWY1DK1TDFRIK,A1YGSIQI52QT9L,Submitted,Wed Aug 23 20:31:29 PDT 2017,Wed Aug 23 20:32:25 PDT 2017,Wed Aug 30 20:32:25 PDT 2017,,,,56,100% (48/48),100% (48/48),100% (48/48),http://svcl.ucsd.edu/~yingwei/internal/diving_share/firstphase/video_first10/cYkUl8MrXgA_048.mp4,"[{""action1"":"""",""action2"":"""",""action3"":"""",""action4"":"""",""athelete_name"":"""",""cam_view"":"""",""position"":"""",""slow_motion"":false,""start_time"":-1,""stop_time"":-1,""dive"":"""",""difficulty"":0,""comment"":"""",""score_time"":-1,""exe_score"":"""",""instances"":[{""cam_view"":""side"",""slow_motion"":false,""stop_time"":9.85,""start_time"":5.61},{""cam_view"":""side"",""slow_motion"":true,""stop_time"":23.36,""start_time"":16.98},{""cam_view"":""top"",""slow_motion"":true,""stop_time"":32.74,""start_time"":27.13}]}]",x,
3NQUW096N6L6FPVA8JONEOHDS7R9LE,3JEJVC0BACP0ACQ5IL1815R6EAPNK8,Record the start time and stop time of all diving actions in a 1min video,Record the start time and stop time of all diving instances in a ~1min video,"video, segmentation, label",$0.05,Wed Aug 23 14:12:43 PDT 2017,5,BatchId:2916360;OriginalHitTemplateId:920937336;,3600,604800,Wed Aug 30 14:12:43 PDT 2017,,,3JZQSN0I3RN2HR6GQGW1ZCT2BC8FGH,A1VSFVHC6N3FSB,Submitted,Wed Aug 23 17:14:45 PDT 2017,Wed Aug 23 17:15:20 PDT 2017,Wed Aug 30 17:15:20 PDT 2017,,,,35,0% (0/0),0% (0/0),0% (0/0),http://svcl.ucsd.edu/~yingwei/internal/diving_share/firstphase/video_first10/cYkUl8MrXgA_048.mp4,"[{""action1"":"""",""action2"":"""",""action3"":"""",""action4"":"""",""athelete_name"":"""",""cam_view"":"""",""position"":"""",""slow_motion"":false,""start_time"":-1,""stop_time"":-1,""dive"":"""",""difficulty"":0,""comment"":"""",""score_time"":-1,""exe_score"":"""",""instances"":[{""cam_view"":""front"",""slow_motion"":true,""stop_time"":9.25,""start_time"":7.64},{""cam_view"":""side"",""slow_motion"":false,""stop_time"":0,""start_time"":0},{""cam_view"":""side"",""slow_motion"":false,""stop_time"":0,""start_time"":0}]}]",,You only label one or less instance which doesn't meet our demand.
3NQUW096N6L6FPVA8JONEOHDS7R9LE,3JEJVC0BACP0ACQ5IL1815R6EAPNK8,Record the start time and stop time of all diving actions in a 1min video,Record the start time and stop time of all diving instances in a ~1min video,"video, segmentation, label",$0.05,Wed Aug 23 14:12:43 PDT 2017,5,BatchId:2916360;OriginalHitTemplateId:920937336;,3600,604800,Wed Aug 30 14:12:43 PDT 2017,,,3QUO65DNQV1FSMK49O48QL37CLHUOL,AE67FLJJ73P9V,Submitted,Wed Aug 23 19:43:42 PDT 2017,Wed Aug 23 19:45:21 PDT 2017,Wed Aug 30 19:45:21 PDT 2017,,,,99,0% (0/0),0% (0/0),0% (0/0),http://svcl.ucsd.edu/~yingwei/internal/diving_share/firstphase/video_first10/cYkUl8MrXgA_048.mp4,"[{""action1"":"""",""action2"":"""",""action3"":"""",""action4"":"""",""athelete_name"":"""",""cam_view"":"""",""position"":"""",""slow_motion"":false,""start_time"":-1,""stop_time"":-1,""dive"":"""",""difficulty"":0,""comment"":"""",""score_time"":-1,""exe_score"":"""",""instances"":[{""cam_view"":""side"",""slow_motion"":false,""stop_time"":9,""start_time"":7},{""cam_view"":""side"",""slow_motion"":true,""stop_time"":25,""start_time"":17},{""cam_view"":""top"",""slow_motion"":true,""stop_time"":33,""start_time"":27}]}]",x,
360ZO6N6J1WQL7DV8VP2E1W2SCH9MG,3JEJVC0BACP0ACQ5IL1815R6EAPNK8,Record the start time and stop time of all diving actions in a 1min video,Record the start time and stop time of all diving instances in a ~1min video,"video, segmentation, label",$0.05,Wed Aug 23 14:12:43 PDT 2017,5,BatchId:2916360;OriginalHitTemplateId:920937336;,3600,604800,Wed Aug 30 14:12:43 PDT 2017,,,31Z0PCVWULST73DGSXXWA3VA3IVT7Y,A1KXZAEFL58Z1E,Submitted,Wed Aug 23 16:29:48 PDT 2017,Wed Aug 23 16:36:26 PDT 2017,Wed Aug 30 16:36:26 PDT 2017,,,,398,0% (0/0),0% (0/0),0% (0/0),http://svcl.ucsd.edu/~yingwei/internal/diving_share/firstphase/video_first10/egsanPCCIzQ_037.mp4,"[{""action1"":"""",""action2"":"""",""action3"":"""",""action4"":"""",""athelete_name"":"""",""cam_view"":"""",""position"":"""",""slow_motion"":false,""start_time"":-1,""stop_time"":-1,""dive"":"""",""difficulty"":0,""comment"":"""",""score_time"":-1,""exe_score"":"""",""instances"":[{""cam_view"":""side"",""slow_motion"":false,""stop_time"":17,""start_time"":14},{""cam_view"":""front"",""slow_motion"":true,""stop_time"":38,""start_time"":32},{""cam_view"":""back"",""slow_motion"":true,""stop_time"":43,""start_time"":39}]}]",x,
360ZO6N6J1WQL7DV8VP2E1W2SCH9MG,3JEJVC0BACP0ACQ5IL1815R6EAPNK8,Record the start time and stop time of all diving actions in a 1min video,Record the start time and stop time of all diving instances in a ~1min video,"video, segmentation, label",$0.05,Wed Aug 23 14:12:43 PDT 2017,5,BatchId:2916360;OriginalHitTemplateId:920937336;,3600,604800,Wed Aug 30 14:12:43 PDT 2017,,,3GLB5JMZFY85J7SKZA1BBCQHZZPGD4,A3OZTRVA24QHP,Submitted,Wed Aug 23 16:10:12 PDT 2017,Wed Aug 23 16:12:04 PDT 2017,Wed Aug 30 16:12:04 PDT 2017,,,,112,0% (0/0),0% (0/0),0% (0/0),http://svcl.ucsd.edu/~yingwei/internal/diving_share/firstphase/video_first10/egsanPCCIzQ_037.mp4,"[{""action1"":"""",""action2"":"""",""action3"":"""",""action4"":"""",""athelete_name"":"""",""cam_view"":"""",""position"":"""",""slow_motion"":false,""start_time"":-1,""stop_time"":-1,""dive"":"""",""difficulty"":0,""comment"":"""",""score_time"":-1,""exe_score"":"""",""instances"":[{""cam_view"":""side"",""slow_motion"":false,""stop_time"":18.3,""start_time"":10.83},{""cam_view"":""front"",""slow_motion"":true,""stop_time"":38.82,""start_time"":31.84},{""cam_view"":""back"",""slow_motion"":true,""stop_time"":43.09,""start_time"":39.1}]}]",x,
360ZO6N6J1WQL7DV8VP2E1W2SCH9MG,3JEJVC0BACP0ACQ5IL1815R6EAPNK8,Record the start time and stop time of all diving actions in a 1min video,Record the start time and stop time of all diving instances in a ~1min video,"video, segmentation, label",$0.05,Wed Aug 23 14:12:43 PDT 2017,5,BatchId:2916360;OriginalHitTemplateId:920937336;,3600,604800,Wed Aug 30 14:12:43 PDT 2017,,,3NGMS9VZTMVW3RALFWQJHRTQAXQFF0,A2499GPP2UBXHU,Submitted,Wed Aug 23 14:41:08 PDT 2017,Wed Aug 23 14:48:53 PDT 2017,Wed Aug 30 14:48:53 PDT 2017,,,,465,0% (0/0),0% (0/0),0% (0/0),http://svcl.ucsd.edu/~yingwei/internal/diving_share/firstphase/video_first10/egsanPCCIzQ_037.mp4,"[{""action1"":"""",""action2"":"""",""action3"":"""",""action4"":"""",""athelete_name"":"""",""cam_view"":"""",""position"":"""",""slow_motion"":false,""start_time"":-1,""stop_time"":-1,""dive"":"""",""difficulty"":0,""comment"":"""",""score_time"":-1,""exe_score"":"""",""instances"":[{""cam_view"":""side"",""slow_motion"":false,""stop_time"":18.1,""start_time"":10.33},{""cam_view"":""side"",""slow_motion"":false,""stop_time"":37.71,""start_time"":31.37},{""cam_view"":""side"",""slow_motion"":false,""stop_time"":42.25,""start_time"":39.42}]}]",x,
360ZO6N6J1WQL7DV8VP2E1W2SCH9MG,3JEJVC0BACP0ACQ5IL1815R6EAPNK8,Record the start time and stop time of all diving actions in a 1min video,Record the start time and stop time of all diving instances in a ~1min video,"video, segmentation, label",$0.05,Wed Aug 23 14:12:43 PDT 2017,5,BatchId:2916360;OriginalHitTemplateId:920937336;,3600,604800,Wed Aug 30 14:12:43 PDT 2017,,,3PM8NZGV8ZTAU2RFT67ZZXXBL4DXQL,A2SWFUEA0QH29B,Submitted,Wed Aug 23 17:58:17 PDT 2017,Wed Aug 23 18:01:20 PDT 2017,Wed Aug 30 18:01:20 PDT 2017,,,,183,0% (0/0),0% (0/0),0% (0/0),http://svcl.ucsd.edu/~yingwei/internal/diving_share/firstphase/video_first10/egsanPCCIzQ_037.mp4,"[{""action1"":"""",""action2"":"""",""action3"":"""",""action4"":"""",""athelete_name"":"""",""cam_view"":"""",""position"":"""",""slow_motion"":false,""start_time"":-1,""stop_time"":-1,""dive"":"""",""difficulty"":0,""comment"":"""",""score_time"":-1,""exe_score"":"""",""instances"":[{""cam_view"":""side"",""slow_motion"":false,""stop_time"":18.24,""start_time"":11.93},{""cam_view"":""front"",""slow_motion"":true,""stop_time"":38.49,""start_time"":30.75},{""cam_view"":""back"",""slow_motion"":true,""stop_time"":43.71,""start_time"":38.94}]}]",x,
360ZO6N6J1WQL7DV8VP2E1W2SCH9MG,3JEJVC0BACP0ACQ5IL1815R6EAPNK8,Record the start time and stop time of all diving actions in a 1min video,Record the start time and stop time of all diving instances in a ~1min video,"video, segmentation, label",$0.05,Wed Aug 23 14:12:43 PDT 2017,5,BatchId:2916360;OriginalHitTemplateId:920937336;,3600,604800,Wed Aug 30 14:12:43 PDT 2017,,,3R6BYFZZP8PD3D16FQW5NYTXE23XFQ,A1VSFVHC6N3FSB,Submitted,Wed Aug 23 17:10:00 PDT 2017,Wed Aug 23 17:10:45 PDT 2017,Wed Aug 30 17:10:45 PDT 2017,,,,45,0% (0/0),0% (0/0),0% (0/0),http://svcl.ucsd.edu/~yingwei/internal/diving_share/firstphase/video_first10/egsanPCCIzQ_037.mp4,"[{""action1"":"""",""action2"":"""",""action3"":"""",""action4"":"""",""athelete_name"":"""",""cam_view"":"""",""position"":"""",""slow_motion"":false,""start_time"":-1,""stop_time"":-1,""dive"":"""",""difficulty"":0,""comment"":"""",""score_time"":-1,""exe_score"":"""",""instances"":[{""cam_view"":""side"",""slow_motion"":true,""stop_time"":16.02,""start_time"":14.71},{""cam_view"":""side"",""slow_motion"":false,""stop_time"":0,""start_time"":0},{""cam_view"":""side"",""slow_motion"":false,""stop_time"":0,""start_time"":0}]}]",,You only label one or less instance which doesn't meet our demand.
3CRWSLD91KHTSUH1AK8KBRRRNB3MO7,3JEJVC0BACP0ACQ5IL1815R6EAPNK8,Record the start time and stop time of all diving actions in a 1min video,Record the start time and stop time of all diving instances in a ~1min video,"video, segmentation, label",$0.05,Wed Aug 23 14:12:43 PDT 2017,5,BatchId:2916360;OriginalHitTemplateId:920937336;,3600,604800,Wed Aug 30 14:12:43 PDT 2017,,,3I7DHKZYGOD41UHW9KDAVF2DL3VF50,A1JX27PY35GDFR,Submitted,Wed Aug 23 18:00:58 PDT 2017,Wed Aug 23 18:04:26 PDT 2017,Wed Aug 30 18:04:26 PDT 2017,,,,208,0% (0/0),0% (0/0),0% (0/0),http://svcl.ucsd.edu/~yingwei/internal/diving_share/firstphase/video_first10/sexZ6VnZ9yc_014.mp4,"[{""action1"":"""",""action2"":"""",""action3"":"""",""action4"":"""",""athelete_name"":"""",""cam_view"":"""",""position"":"""",""slow_motion"":false,""start_time"":-1,""stop_time"":-1,""dive"":"""",""difficulty"":0,""comment"":"""",""score_time"":-1,""exe_score"":"""",""instances"":[{""cam_view"":""side"",""slow_motion"":false,""stop_time"":15.51,""start_time"":11},{""cam_view"":""side"",""slow_motion"":true,""stop_time"":33.44,""start_time"":24}]}]",x,
3CRWSLD91KHTSUH1AK8KBRRRNB3MO7,3JEJVC0BACP0ACQ5IL1815R6EAPNK8,Record the start time and stop time of all diving actions in a 1min video,Record the start time and stop time of all diving instances in a ~1min video,"video, segmentation, label",$0.05,Wed Aug 23 14:12:43 PDT 2017,5,BatchId:2916360;OriginalHitTemplateId:920937336;,3600,604800,Wed Aug 30 14:12:43 PDT 2017,,,3QIYRE09Y4UH14TU6LUB0UY5BEB1NA,A1VSFVHC6N3FSB,Submitted,Wed Aug 23 17:07:21 PDT 2017,Wed Aug 23 17:08:15 PDT 2017,Wed Aug 30 17:08:15 PDT 2017,,,,54,0% (0/0),0% (0/0),0% (0/0),http://svcl.ucsd.edu/~yingwei/internal/diving_share/firstphase/video_first10/sexZ6VnZ9yc_014.mp4,"[{""action1"":"""",""action2"":"""",""action3"":"""",""action4"":"""",""athelete_name"":"""",""cam_view"":"""",""position"":"""",""slow_motion"":false,""start_time"":-1,""stop_time"":-1,""dive"":"""",""difficulty"":0,""comment"":"""",""score_time"":-1,""exe_score"":"""",""instances"":[{""cam_view"":""side"",""slow_motion"":true,""stop_time"":14.07,""start_time"":12.42},{""cam_view"":""side"",""slow_motion"":false,""stop_time"":0,""start_time"":0},{""cam_view"":""side"",""slow_motion"":false,""stop_time"":0,""start_time"":0}]}]",x,
3CRWSLD91KHTSUH1AK8KBRRRNB3MO7,3JEJVC0BACP0ACQ5IL1815R6EAPNK8,Record the start time and stop time of all diving actions in a 1min video,Record the start time and stop time of all diving instances in a ~1min video,"video, segmentation, label",$0.05,Wed Aug 23 14:12:43 PDT 2017,5,BatchId:2916360;OriginalHitTemplateId:920937336;,3600,604800,Wed Aug 30 14:12:43 PDT 2017,,,3TPWUS5F8AERB1C6EJAID9UN8N9WCP,AE67FLJJ73P9V,Submitted,Wed Aug 23 19:27:18 PDT 2017,Wed Aug 23 19:28:49 PDT 2017,Wed Aug 30 19:28:49 PDT 2017,,,,91,0% (0/0),0% (0/0),0% (0/0),http://svcl.ucsd.edu/~yingwei/internal/diving_share/firstphase/video_first10/sexZ6VnZ9yc_014.mp4,"[{""action1"":"""",""action2"":"""",""action3"":"""",""action4"":"""",""athelete_name"":"""",""cam_view"":"""",""position"":"""",""slow_motion"":false,""start_time"":-1,""stop_time"":-1,""dive"":"""",""difficulty"":0,""comment"":"""",""score_time"":-1,""exe_score"":"""",""instances"":[{""cam_view"":""side"",""slow_motion"":false,""stop_time"":14,""start_time"":11},{""cam_view"":""side"",""slow_motion"":true,""stop_time"":32,""start_time"":23},{""cam_view"":""side"",""slow_motion"":false,""stop_time"":0,""start_time"":0}]}]",x,
3CRWSLD91KHTSUH1AK8KBRRRNB3MO7,3JEJVC0BACP0ACQ5IL1815R6EAPNK8,Record the start time and stop time of all diving actions in a 1min video,Record the start time and stop time of all diving instances in a ~1min video,"video, segmentation, label",$0.05,Wed Aug 23 14:12:43 PDT 2017,5,BatchId:2916360;OriginalHitTemplateId:920937336;,3600,604800,Wed Aug 30 14:12:43 PDT 2017,,,3VA45EW49O0ZJPT670UOFJYA1OKO1G,A2SWFUEA0QH29B,Submitted,Wed Aug 23 20:15:43 PDT 2017,Wed Aug 23 20:17:52 PDT 2017,Wed Aug 30 20:17:52 PDT 2017,,,,129,0% (0/0),0% (0/0),0% (0/0),http://svcl.ucsd.edu/~yingwei/internal/diving_share/firstphase/video_first10/sexZ6VnZ9yc_014.mp4,"[{""action1"":"""",""action2"":"""",""action3"":"""",""action4"":"""",""athelete_name"":"""",""cam_view"":"""",""position"":"""",""slow_motion"":false,""start_time"":-1,""stop_time"":-1,""dive"":"""",""difficulty"":0,""comment"":"""",""score_time"":-1,""exe_score"":"""",""instances"":[{""cam_view"":""side"",""slow_motion"":false,""stop_time"":15.59,""start_time"":9.95},{""cam_view"":""side"",""slow_motion"":true,""stop_time"":34.49,""start_time"":23.16}]}]",x,
3CRWSLD91KHTSUH1AK8KBRRRNB3MO7,3JEJVC0BACP0ACQ5IL1815R6EAPNK8,Record the start time and stop time of all diving actions in a 1min video,Record the start time and stop time of all diving instances in a ~1min video,"video, segmentation, label",$0.05,Wed Aug 23 14:12:43 PDT 2017,5,BatchId:2916360;OriginalHitTemplateId:920937336;,3600,604800,Wed Aug 30 14:12:43 PDT 2017,,,3Z4AIRP3C7QMDY7Y8RHKYWP3DSO1XX,A1KXZAEFL58Z1E,Submitted,Wed Aug 23 19:04:54 PDT 2017,Wed Aug 23 19:06:46 PDT 2017,Wed Aug 30 19:06:46 PDT 2017,,,,112,0% (0/0),0% (0/0),0% (0/0),http://svcl.ucsd.edu/~yingwei/internal/diving_share/firstphase/video_first10/sexZ6VnZ9yc_014.mp4,"[{""action1"":"""",""action2"":"""",""action3"":"""",""action4"":"""",""athelete_name"":"""",""cam_view"":"""",""position"":"""",""slow_motion"":false,""start_time"":-1,""stop_time"":-1,""dive"":"""",""difficulty"":0,""comment"":"""",""score_time"":-1,""exe_score"":"""",""instances"":[{""cam_view"":""side"",""slow_motion"":false,""stop_time"":14,""start_time"":12},{""cam_view"":""side"",""slow_motion"":true,""stop_time"":32,""start_time"":24},{""cam_view"":""side"",""slow_motion"":false,""stop_time"":0,""start_time"":0}]}]",x,
34XASH8KLQZBDUT2PKLZ0RWHXGZMPO,3JEJVC0BACP0ACQ5IL1815R6EAPNK8,Record the start time and stop time of all diving actions in a 1min video,Record the start time and stop time of all diving instances in a ~1min video,"video, segmentation, label",$0.05,Wed Aug 23 14:12:43 PDT 2017,5,BatchId:2916360;OriginalHitTemplateId:920937336;,3600,604800,Wed Aug 30 14:12:43 PDT 2017,,,37FMASSAYD4Q010VB2A81YFXBR8BIN,A1VSFVHC6N3FSB,Submitted,Wed Aug 23 17:25:06 PDT 2017,Wed Aug 23 17:25:48 PDT 2017,Wed Aug 30 17:25:48 PDT 2017,,,,42,0% (0/0),0% (0/0),0% (0/0),http://svcl.ucsd.edu/~yingwei/internal/diving_share/firstphase/video_first10/V5parOfpuEQ_027.mp4,"[{""action1"":"""",""action2"":"""",""action3"":"""",""action4"":"""",""athelete_name"":"""",""cam_view"":"""",""position"":"""",""slow_motion"":false,""start_time"":-1,""stop_time"":-1,""dive"":"""",""difficulty"":0,""comment"":"""",""score_time"":-1,""exe_score"":"""",""instances"":[{""cam_view"":""front"",""slow_motion"":false,""stop_time"":11.96,""start_time"":10.29},{""cam_view"":""side"",""slow_motion"":false,""stop_time"":0,""start_time"":0},{""cam_view"":""side"",""slow_motion"":false,""stop_time"":0,""start_time"":0}]}]",x,
34XASH8KLQZBDUT2PKLZ0RWHXGZMPO,3JEJVC0BACP0ACQ5IL1815R6EAPNK8,Record the start time and stop time of all diving actions in a 1min video,Record the start time and stop time of all diving instances in a ~1min video,"video, segmentation, label",$0.05,Wed Aug 23 14:12:43 PDT 2017,5,BatchId:2916360;OriginalHitTemplateId:920937336;,3600,604800,Wed Aug 30 14:12:43 PDT 2017,,,37Q970SNZFLEHHLZEHBXZO8BYDJS1D,A2SWFUEA0QH29B,Submitted,Wed Aug 23 17:41:51 PDT 2017,Wed Aug 23 17:45:43 PDT 2017,Wed Aug 30 17:45:43 PDT 2017,,,,232,0% (0/0),0% (0/0),0% (0/0),http://svcl.ucsd.edu/~yingwei/internal/diving_share/firstphase/video_first10/V5parOfpuEQ_027.mp4,"[{""action1"":"""",""action2"":"""",""action3"":"""",""action4"":"""",""athelete_name"":"""",""cam_view"":"""",""position"":"""",""slow_motion"":false,""start_time"":-1,""stop_time"":-1,""dive"":"""",""difficulty"":0,""comment"":"""",""score_time"":-1,""exe_score"":"""",""instances"":[{""cam_view"":""side"",""slow_motion"":false,""stop_time"":13.3,""start_time"":8.74},{""cam_view"":""side"",""slow_motion"":true,""stop_time"":33.37,""start_time"":23.17}]}]",x,
34XASH8KLQZBDUT2PKLZ0RWHXGZMPO,3JEJVC0BACP0ACQ5IL1815R6EAPNK8,Record the start time and stop time of all diving actions in a 1min video,Record the start time and stop time of all diving instances in a ~1min video,"video, segmentation, label",$0.05,Wed Aug 23 14:12:43 PDT 2017,5,BatchId:2916360;OriginalHitTemplateId:920937336;,3600,604800,Wed Aug 30 14:12:43 PDT 2017,,,39OWYR0EPL423IRGKMI76C06G8SFY9,A3P8FYNGSVNTOF,Submitted,Wed Aug 23 15:43:25 PDT 2017,Wed Aug 23 15:47:10 PDT 2017,Wed Aug 30 15:47:10 PDT 2017,,,,225,0% (0/0),0% (0/0),0% (0/0),http://svcl.ucsd.edu/~yingwei/internal/diving_share/firstphase/video_first10/V5parOfpuEQ_027.mp4,"[{""action1"":"""",""action2"":"""",""action3"":"""",""action4"":"""",""athelete_name"":"""",""cam_view"":"""",""position"":"""",""slow_motion"":false,""start_time"":-1,""stop_time"":-1,""dive"":"""",""difficulty"":0,""comment"":"""",""score_time"":-1,""exe_score"":"""",""instances"":[{""cam_view"":""front"",""slow_motion"":false,""stop_time"":12.67,""start_time"":10.51},{""cam_view"":""side"",""slow_motion"":false,""stop_time"":0,""start_time"":0},{""cam_view"":""side"",""slow_motion"":false,""stop_time"":0,""start_time"":0}]}]",x,
34XASH8KLQZBDUT2PKLZ0RWHXGZMPO,3JEJVC0BACP0ACQ5IL1815R6EAPNK8,Record the start time and stop time of all diving actions in a 1min video,Record the start time and stop time of all diving instances in a ~1min video,"video, segmentation, label",$0.05,Wed Aug 23 14:12:43 PDT 2017,5,BatchId:2916360;OriginalHitTemplateId:920937336;,3600,604800,Wed Aug 30 14:12:43 PDT 2017,,,3IKZ72A5B5T8RJN2DK9WPW2ZCOVNFY,A1JX27PY35GDFR,Submitted,Wed Aug 23 18:10:50 PDT 2017,Wed Aug 23 18:13:19 PDT 2017,Wed Aug 30 18:13:19 PDT 2017,,,,149,0% (0/0),0% (0/0),0% (0/0),http://svcl.ucsd.edu/~yingwei/internal/diving_share/firstphase/video_first10/V5parOfpuEQ_027.mp4,"[{""action1"":"""",""action2"":"""",""action3"":"""",""action4"":"""",""athelete_name"":"""",""cam_view"":"""",""position"":"""",""slow_motion"":false,""start_time"":-1,""stop_time"":-1,""dive"":"""",""difficulty"":0,""comment"":"""",""score_time"":-1,""exe_score"":"""",""instances"":[{""cam_view"":""side"",""slow_motion"":false,""stop_time"":13.3,""start_time"":9},{""cam_view"":""side"",""slow_motion"":true,""stop_time"":33.63,""start_time"":24.36}]}]",x,
34XASH8KLQZBDUT2PKLZ0RWHXGZMPO,3JEJVC0BACP0ACQ5IL1815R6EAPNK8,Record the start time and stop time of all diving actions in a 1min video,Record the start time and stop time of all diving instances in a ~1min video,"video, segmentation, label",$0.05,Wed Aug 23 14:12:43 PDT 2017,5,BatchId:2916360;OriginalHitTemplateId:920937336;,3600,604800,Wed Aug 30 14:12:43 PDT 2017,,,3WQ3B2KGE9TF0V4X3VP29ZYBUPY1BM,A1KXZAEFL58Z1E,Submitted,Wed Aug 23 17:33:43 PDT 2017,Wed Aug 23 17:46:52 PDT 2017,Wed Aug 30 17:46:52 PDT 2017,,,,789,0% (0/0),0% (0/0),0% (0/0),http://svcl.ucsd.edu/~yingwei/internal/diving_share/firstphase/video_first10/V5parOfpuEQ_027.mp4,"[{""action1"":"""",""action2"":"""",""action3"":"""",""action4"":"""",""athelete_name"":"""",""cam_view"":"""",""position"":"""",""slow_motion"":false,""start_time"":-1,""stop_time"":-1,""dive"":"""",""difficulty"":0,""comment"":"""",""score_time"":-1,""exe_score"":"""",""instances"":[{""cam_view"":""side"",""slow_motion"":false,""stop_time"":12,""start_time"":9},{""cam_view"":""side"",""slow_motion"":true,""stop_time"":31,""start_time"":24}]}]",x,
3LOJFQ4BOXS7Y9Q9ZZHOLKNOUS1KD3,3JEJVC0BACP0ACQ5IL1815R6EAPNK8,Record the start time and stop time of all diving actions in a 1min video,Record the start time and stop time of all diving instances in a ~1min video,"video, segmentation, label",$0.05,Wed Aug 23 14:12:43 PDT 2017,5,BatchId:2916360;OriginalHitTemplateId:920937336;,3600,604800,Wed Aug 30 14:12:43 PDT 2017,,,3E47SOBEYR99A6S1P263CILFTC9IC2,A2SWFUEA0QH29B,Submitted,Wed Aug 23 18:15:06 PDT 2017,Wed Aug 23 18:26:50 PDT 2017,Wed Aug 30 18:26:50 PDT 2017,,,,704,0% (0/0),0% (0/0),0% (0/0),http://svcl.ucsd.edu/~yingwei/internal/diving_share/firstphase/video_first10/LNMISxO35S0_043.mp4,"[{""action1"":"""",""action2"":"""",""action3"":"""",""action4"":"""",""athelete_name"":"""",""cam_view"":"""",""position"":"""",""slow_motion"":false,""start_time"":-1,""stop_time"":-1,""dive"":"""",""difficulty"":0,""comment"":"""",""score_time"":-1,""exe_score"":"""",""instances"":[{""cam_view"":""side"",""slow_motion"":false,""stop_time"":33.94,""start_time"":21.74},{""cam_view"":""top"",""slow_motion"":true,""stop_time"":47.38,""start_time"":42.16},{""cam_view"":""side"",""slow_motion"":true,""stop_time"":55.22,""start_time"":47.45}]}]",x,
3LOJFQ4BOXS7Y9Q9ZZHOLKNOUS1KD3,3JEJVC0BACP0ACQ5IL1815R6EAPNK8,Record the start time and stop time of all diving actions in a 1min video,Record the start time and stop time of all diving instances in a ~1min video,"video, segmentation, label",$0.05,Wed Aug 23 14:12:43 PDT 2017,5,BatchId:2916360;OriginalHitTemplateId:920937336;,3600,604800,Wed Aug 30 14:12:43 PDT 2017,,,3N1FSUEFL6DP7RZ049ZA2NTE9UID4G,A1VSFVHC6N3FSB,Submitted,Wed Aug 23 16:51:23 PDT 2017,Wed Aug 23 16:52:34 PDT 2017,Wed Aug 30 16:52:34 PDT 2017,,,,71,0% (0/0),0% (0/0),0% (0/0),http://svcl.ucsd.edu/~yingwei/internal/diving_share/firstphase/video_first10/LNMISxO35S0_043.mp4,"[{""action1"":"""",""action2"":"""",""action3"":"""",""action4"":"""",""athelete_name"":"""",""cam_view"":"""",""position"":"""",""slow_motion"":false,""start_time"":-1,""stop_time"":-1,""dive"":"""",""difficulty"":0,""comment"":"""",""score_time"":-1,""exe_score"":"""",""instances"":[{""cam_view"":""front"",""slow_motion"":true,""stop_time"":32.49,""start_time"":30.67},{""cam_view"":""side"",""slow_motion"":false,""stop_time"":0,""start_time"":0},{""cam_view"":""side"",""slow_motion"":false,""stop_time"":0,""start_time"":0}]}]",,You only label one or less instance which doesn't meet our demand.
3LOJFQ4BOXS7Y9Q9ZZHOLKNOUS1KD3,3JEJVC0BACP0ACQ5IL1815R6EAPNK8,Record the start time and stop time of all diving actions in a 1min video,Record the start time and stop time of all diving instances in a ~1min video,"video, segmentation, label",$0.05,Wed Aug 23 14:12:43 PDT 2017,5,BatchId:2916360;OriginalHitTemplateId:920937336;,3600,604800,Wed Aug 30 14:12:43 PDT 2017,,,3SNVL38CI550G1IPP5RFPY0SLGYCK7,A2JIX5DT2MAOSO,Submitted,Wed Aug 23 17:57:23 PDT 2017,Wed Aug 23 18:00:17 PDT 2017,Wed Aug 30 18:00:17 PDT 2017,,,,174,0% (0/0),0% (0/0),0% (0/0),http://svcl.ucsd.edu/~yingwei/internal/diving_share/firstphase/video_first10/LNMISxO35S0_043.mp4,"[{""action1"":"""",""action2"":"""",""action3"":"""",""action4"":"""",""athelete_name"":"""",""cam_view"":"""",""position"":"""",""slow_motion"":false,""start_time"":-1,""stop_time"":-1,""dive"":"""",""difficulty"":0,""comment"":"""",""score_time"":-1,""exe_score"":"""",""instances"":[{""cam_view"":""side"",""slow_motion"":false,""stop_time"":32.53,""start_time"":15.75},{""cam_view"":""top"",""slow_motion"":true,""stop_time"":46.39,""start_time"":42},{""cam_view"":""side"",""slow_motion"":true,""stop_time"":53.51,""start_time"":47.9}]}]",x,
3LOJFQ4BOXS7Y9Q9ZZHOLKNOUS1KD3,3JEJVC0BACP0ACQ5IL1815R6EAPNK8,Record the start time and stop time of all diving actions in a 1min video,Record the start time and stop time of all diving instances in a ~1min video,"video, segmentation, label",$0.05,Wed Aug 23 14:12:43 PDT 2017,5,BatchId:2916360;OriginalHitTemplateId:920937336;,3600,604800,Wed Aug 30 14:12:43 PDT 2017,,,3STRJBFXOX4H2IK0BRM5E80W92YKTY,A1KXZAEFL58Z1E,Submitted,Wed Aug 23 18:13:06 PDT 2017,Wed Aug 23 18:18:50 PDT 2017,Wed Aug 30 18:18:50 PDT 2017,,,,344,0% (0/0),0% (0/0),0% (0/0),http://svcl.ucsd.edu/~yingwei/internal/diving_share/firstphase/video_first10/LNMISxO35S0_043.mp4,"[{""action1"":"""",""action2"":"""",""action3"":"""",""action4"":"""",""athelete_name"":"""",""cam_view"":"""",""position"":"""",""slow_motion"":false,""start_time"":-1,""stop_time"":-1,""dive"":"""",""difficulty"":0,""comment"":"""",""score_time"":-1,""exe_score"":"""",""instances"":[{""cam_view"":""side"",""slow_motion"":false,""stop_time"":33,""start_time"":29},{""cam_view"":""top"",""slow_motion"":false,""stop_time"":46,""start_time"":43},{""cam_view"":""side"",""slow_motion"":true,""stop_time"":54,""start_time"":47}]}]",x,
3LOJFQ4BOXS7Y9Q9ZZHOLKNOUS1KD3,3JEJVC0BACP0ACQ5IL1815R6EAPNK8,Record the start time and stop time of all diving actions in a 1min video,Record the start time and stop time of all diving instances in a ~1min video,"video, segmentation, label",$0.05,Wed Aug 23 14:12:43 PDT 2017,5,BatchId:2916360;OriginalHitTemplateId:920937336;,3600,604800,Wed Aug 30 14:12:43 PDT 2017,,,3Z4XG4ZF4944OYRJ7CQZD6CBRYS8XM,A34GCR8HT5VWLO,Submitted,Wed Aug 23 18:21:15 PDT 2017,Wed Aug 23 18:23:02 PDT 2017,Wed Aug 30 18:23:02 PDT 2017,,,,107,0% (0/0),0% (0/0),0% (0/0),http://svcl.ucsd.edu/~yingwei/internal/diving_share/firstphase/video_first10/LNMISxO35S0_043.mp4,"[{""action1"":"""",""action2"":"""",""action3"":"""",""action4"":"""",""athelete_name"":"""",""cam_view"":"""",""position"":"""",""slow_motion"":false,""start_time"":-1,""stop_time"":-1,""dive"":"""",""difficulty"":0,""comment"":"""",""score_time"":-1,""exe_score"":"""",""instances"":[{""cam_view"":""side"",""slow_motion"":false,""stop_time"":34.42,""start_time"":10.54},{""cam_view"":""top"",""slow_motion"":true,""stop_time"":47.85,""start_time"":42.98},{""cam_view"":""side"",""slow_motion"":true,""stop_time"":55.38,""start_time"":47.85}]}]",x,
3RQVKZ7ZRKWW0KL9JG8YLWRYRHC72B,3JEJVC0BACP0ACQ5IL1815R6EAPNK8,Record the start time and stop time of all diving actions in a 1min video,Record the start time and stop time of all diving instances in a ~1min video,"video, segmentation, label",$0.05,Wed Aug 23 14:12:44 PDT 2017,5,BatchId:2916360;OriginalHitTemplateId:920937336;,3600,604800,Wed Aug 30 14:12:44 PDT 2017,,,3G0WWMR1UWX5I8DBR0KQ1V6DJQ7QNY,A2SWFUEA0QH29B,Submitted,Wed Aug 23 20:10:34 PDT 2017,Wed Aug 23 20:13:28 PDT 2017,Wed Aug 30 20:13:28 PDT 2017,,,,174,0% (0/0),0% (0/0),0% (0/0),http://svcl.ucsd.edu/~yingwei/internal/diving_share/firstphase/video_first10/cYkUl8MrXgA_080.mp4,"[{""action1"":"""",""action2"":"""",""action3"":"""",""action4"":"""",""athelete_name"":"""",""cam_view"":"""",""position"":"""",""slow_motion"":false,""start_time"":-1,""stop_time"":-1,""dive"":"""",""difficulty"":0,""comment"":"""",""score_time"":-1,""exe_score"":"""",""instances"":[{""cam_view"":""side"",""slow_motion"":false,""stop_time"":15.2,""start_time"":10.89},{""cam_view"":""side"",""slow_motion"":true,""stop_time"":31.91,""start_time"":22.36},{""cam_view"":""top"",""slow_motion"":true,""stop_time"":37.78,""start_time"":32.03}]}]",x,
3RQVKZ7ZRKWW0KL9JG8YLWRYRHC72B,3JEJVC0BACP0ACQ5IL1815R6EAPNK8,Record the start time and stop time of all diving actions in a 1min video,Record the start time and stop time of all diving instances in a ~1min video,"video, segmentation, label",$0.05,Wed Aug 23 14:12:44 PDT 2017,5,BatchId:2916360;OriginalHitTemplateId:920937336;,3600,604800,Wed Aug 30 14:12:44 PDT 2017,,,3H7XDTSHKD44SDSBG56130F26FHGWZ,A1KXZAEFL58Z1E,Submitted,Wed Aug 23 14:59:39 PDT 2017,Wed Aug 23 15:07:48 PDT 2017,Wed Aug 30 15:07:48 PDT 2017,,,,489,0% (0/0),0% (0/0),0% (0/0),http://svcl.ucsd.edu/~yingwei/internal/diving_share/firstphase/video_first10/cYkUl8MrXgA_080.mp4,"[{""action1"":"""",""action2"":"""",""action3"":"""",""action4"":"""",""athelete_name"":"""",""cam_view"":"""",""position"":"""",""slow_motion"":false,""start_time"":-1,""stop_time"":-1,""dive"":"""",""difficulty"":0,""comment"":"""",""score_time"":-1,""exe_score"":"""",""instances"":[{""cam_view"":""side"",""slow_motion"":false,""stop_time"":14,""start_time"":11},{""cam_view"":""side"",""slow_motion"":true,""stop_time"":29,""start_time"":23},{""cam_view"":""top"",""slow_motion"":false,""stop_time"":36,""start_time"":33}]}]",x,
3RQVKZ7ZRKWW0KL9JG8YLWRYRHC72B,3JEJVC0BACP0ACQ5IL1815R6EAPNK8,Record the start time and stop time of all diving actions in a 1min video,Record the start time and stop time of all diving instances in a ~1min video,"video, segmentation, label",$0.05,Wed Aug 23 14:12:44 PDT 2017,5,BatchId:2916360;OriginalHitTemplateId:920937336;,3600,604800,Wed Aug 30 14:12:44 PDT 2017,,,3R8YZBNQ9IVGFNLOBT315YKNJB27Q4,A1D5JBBBO1D1FI,Submitted,Wed Aug 23 19:49:16 PDT 2017,Wed Aug 23 19:53:01 PDT 2017,Wed Aug 30 19:53:01 PDT 2017,,,,225,0% (0/0),0% (0/0),0% (0/0),http://svcl.ucsd.edu/~yingwei/internal/diving_share/firstphase/video_first10/cYkUl8MrXgA_080.mp4,"[{""action1"":"""",""action2"":"""",""action3"":"""",""action4"":"""",""athelete_name"":"""",""cam_view"":"""",""position"":"""",""slow_motion"":false,""start_time"":-1,""stop_time"":-1,""dive"":"""",""difficulty"":0,""comment"":"""",""score_time"":-1,""exe_score"":"""",""instances"":[{""cam_view"":""side"",""slow_motion"":false,""stop_time"":14.64,""start_time"":11.45},{""cam_view"":""side"",""slow_motion"":true,""stop_time"":31.68,""start_time"":22.83},{""cam_view"":""top"",""slow_motion"":false,""stop_time"":37.36,""start_time"":32.54}]}]",x,
3RQVKZ7ZRKWW0KL9JG8YLWRYRHC72B,3JEJVC0BACP0ACQ5IL1815R6EAPNK8,Record the start time and stop time of all diving actions in a 1min video,Record the start time and stop time of all diving instances in a ~1min video,"video, segmentation, label",$0.05,Wed Aug 23 14:12:44 PDT 2017,5,BatchId:2916360;OriginalHitTemplateId:920937336;,3600,604800,Wed Aug 30 14:12:44 PDT 2017,,,3SPJ033422GI8KDC3C9SLASY9FIYJ4,AE67FLJJ73P9V,Submitted,Wed Aug 23 19:24:28 PDT 2017,Wed Aug 23 19:26:56 PDT 2017,Wed Aug 30 19:26:56 PDT 2017,,,,148,0% (0/0),0% (0/0),0% (0/0),http://svcl.ucsd.edu/~yingwei/internal/diving_share/firstphase/video_first10/cYkUl8MrXgA_080.mp4,"[{""action1"":"""",""action2"":"""",""action3"":"""",""action4"":"""",""athelete_name"":"""",""cam_view"":"""",""position"":"""",""slow_motion"":false,""start_time"":-1,""stop_time"":-1,""dive"":"""",""difficulty"":0,""comment"":"""",""score_time"":-1,""exe_score"":"""",""instances"":[{""cam_view"":""side"",""slow_motion"":false,""stop_time"":15,""start_time"":11},{""cam_view"":""side"",""slow_motion"":true,""stop_time"":31,""start_time"":22},{""cam_view"":""side"",""slow_motion"":true,""stop_time"":36,""start_time"":32}]}]",x,
3RQVKZ7ZRKWW0KL9JG8YLWRYRHC72B,3JEJVC0BACP0ACQ5IL1815R6EAPNK8,Record the start time and stop time of all diving actions in a 1min video,Record the start time and stop time of all diving instances in a ~1min video,"video, segmentation, label",$0.05,Wed Aug 23 14:12:44 PDT 2017,5,BatchId:2916360;OriginalHitTemplateId:920937336;,3600,604800,Wed Aug 30 14:12:44 PDT 2017,,,3Y54SXRO1MYV5EPC55Q7KV9UBTUTU2,A1VSFVHC6N3FSB,Submitted,Wed Aug 23 17:02:55 PDT 2017,Wed Aug 23 17:03:55 PDT 2017,Wed Aug 30 17:03:55 PDT 2017,,,,60,0% (0/0),0% (0/0),0% (0/0),http://svcl.ucsd.edu/~yingwei/internal/diving_share/firstphase/video_first10/cYkUl8MrXgA_080.mp4,"[{""action1"":"""",""action2"":"""",""action3"":"""",""action4"":"""",""athelete_name"":"""",""cam_view"":"""",""position"":"""",""slow_motion"":false,""start_time"":-1,""stop_time"":-1,""dive"":"""",""difficulty"":0,""comment"":"""",""score_time"":-1,""exe_score"":"""",""instances"":[{""cam_view"":""front"",""slow_motion"":true,""stop_time"":13.52,""start_time"":11.94},{""cam_view"":""side"",""slow_motion"":false,""stop_time"":0,""start_time"":0},{""cam_view"":""side"",""slow_motion"":false,""stop_time"":0,""start_time"":0}]}]",,You only label one or less instance which doesn't meet our demand.
3BFNCI9LYK3LL2HSNGM346WQXVC73M,3JEJVC0BACP0ACQ5IL1815R6EAPNK8,Record the start time and stop time of all diving actions in a 1min video,Record the start time and stop time of all diving instances in a ~1min video,"video, segmentation, label",$0.05,Wed Aug 23 14:12:44 PDT 2017,5,BatchId:2916360;OriginalHitTemplateId:920937336;,3600,604800,Wed Aug 30 14:12:44 PDT 2017,,,3F0BG9B9MQ0POPCA23KVIKNPIKG7Y4,A2SWFUEA0QH29B,Submitted,Wed Aug 23 18:05:11 PDT 2017,Wed Aug 23 18:07:18 PDT 2017,Wed Aug 30 18:07:18 PDT 2017,,,,127,0% (0/0),0% (0/0),0% (0/0),http://svcl.ucsd.edu/~yingwei/internal/diving_share/firstphase/video_first10/sexZ6VnZ9yc_033.mp4,"[{""action1"":"""",""action2"":"""",""action3"":"""",""action4"":"""",""athelete_name"":"""",""cam_view"":"""",""position"":"""",""slow_motion"":false,""start_time"":-1,""stop_time"":-1,""dive"":"""",""difficulty"":0,""comment"":"""",""score_time"":-1,""exe_score"":"""",""instances"":[{""cam_view"":""side"",""slow_motion"":false,""stop_time"":24.61,""start_time"":19.37},{""cam_view"":""side"",""slow_motion"":true,""stop_time"":42.56,""start_time"":31.96}]}]",x,
3BFNCI9LYK3LL2HSNGM346WQXVC73M,3JEJVC0BACP0ACQ5IL1815R6EAPNK8,Record the start time and stop time of all diving actions in a 1min video,Record the start time and stop time of all diving instances in a ~1min video,"video, segmentation, label",$0.05,Wed Aug 23 14:12:44 PDT 2017,5,BatchId:2916360;OriginalHitTemplateId:920937336;,3600,604800,Wed Aug 30 14:12:44 PDT 2017,,,3M0BCWMB8W981WK00JEN2PO5Q27BWV,A1KXZAEFL58Z1E,Submitted,Wed Aug 23 18:26:32 PDT 2017,Wed Aug 23 18:28:48 PDT 2017,Wed Aug 30 18:28:48 PDT 2017,,,,136,0% (0/0),0% (0/0),0% (0/0),http://svcl.ucsd.edu/~yingwei/internal/diving_share/firstphase/video_first10/sexZ6VnZ9yc_033.mp4,"[{""action1"":"""",""action2"":"""",""action3"":"""",""action4"":"""",""athelete_name"":"""",""cam_view"":"""",""position"":"""",""slow_motion"":false,""start_time"":-1,""stop_time"":-1,""dive"":"""",""difficulty"":0,""comment"":"""",""score_time"":-1,""exe_score"":"""",""instances"":[{""cam_view"":""side"",""slow_motion"":false,""stop_time"":24,""start_time"":21},{""cam_view"":""side"",""slow_motion"":true,""stop_time"":40,""start_time"":33}]}]",x,
3BFNCI9LYK3LL2HSNGM346WQXVC73M,3JEJVC0BACP0ACQ5IL1815R6EAPNK8,Record the start time and stop time of all diving actions in a 1min video,Record the start time and stop time of all diving instances in a ~1min video,"video, segmentation, label",$0.05,Wed Aug 23 14:12:44 PDT 2017,5,BatchId:2916360;OriginalHitTemplateId:920937336;,3600,604800,Wed Aug 30 14:12:44 PDT 2017,,,3TU5ZICBREEKF1Q7LYV7JYGIUV3Q85,A1VSFVHC6N3FSB,Submitted,Wed Aug 23 16:52:35 PDT 2017,Wed Aug 23 16:53:43 PDT 2017,Wed Aug 30 16:53:43 PDT 2017,,,,68,0% (0/0),0% (0/0),0% (0/0),http://svcl.ucsd.edu/~yingwei/internal/diving_share/firstphase/video_first10/sexZ6VnZ9yc_033.mp4,"[{""action1"":"""",""action2"":"""",""action3"":"""",""action4"":"""",""athelete_name"":"""",""cam_view"":"""",""position"":"""",""slow_motion"":false,""start_time"":-1,""stop_time"":-1,""dive"":"""",""difficulty"":0,""comment"":"""",""score_time"":-1,""exe_score"":"""",""instances"":[{""cam_view"":""side"",""slow_motion"":true,""stop_time"":23.41,""start_time"":21.39},{""cam_view"":""side"",""slow_motion"":false,""stop_time"":0,""start_time"":0},{""cam_view"":""side"",""slow_motion"":false,""stop_time"":0,""start_time"":0}]}]",x,
3BFNCI9LYK3LL2HSNGM346WQXVC73M,3JEJVC0BACP0ACQ5IL1815R6EAPNK8,Record the start time and stop time of all diving actions in a 1min video,Record the start time and stop time of all diving instances in a ~1min video,"video, segmentation, label",$0.05,Wed Aug 23 14:12:44 PDT 2017,5,BatchId:2916360;OriginalHitTemplateId:920937336;,3600,604800,Wed Aug 30 14:12:44 PDT 2017,,,3UOUJI6MTER2MVYWAFR49YU0OPLUXP,AE67FLJJ73P9V,Submitted,Wed Aug 23 19:11:56 PDT 2017,Wed Aug 23 19:12:58 PDT 2017,Wed Aug 30 19:12:58 PDT 2017,,,,62,0% (0/0),0% (0/0),0% (0/0),http://svcl.ucsd.edu/~yingwei/internal/diving_share/firstphase/video_first10/sexZ6VnZ9yc_033.mp4,"[{""action1"":"""",""action2"":"""",""action3"":"""",""action4"":"""",""athelete_name"":"""",""cam_view"":"""",""position"":"""",""slow_motion"":false,""start_time"":-1,""stop_time"":-1,""dive"":"""",""difficulty"":0,""comment"":"""",""score_time"":-1,""exe_score"":"""",""instances"":[{""cam_view"":""side"",""slow_motion"":false,""stop_time"":24,""start_time"":20},{""cam_view"":""side"",""slow_motion"":true,""stop_time"":40,""start_time"":32},{""cam_view"":""side"",""slow_motion"":false,""stop_time"":0,""start_time"":0}]}]",x,
3BFNCI9LYK3LL2HSNGM346WQXVC73M,3JEJVC0BACP0ACQ5IL1815R6EAPNK8,Record the start time and stop time of all diving actions in a 1min video,Record the start time and stop time of all diving instances in a ~1min video,"video, segmentation, label",$0.05,Wed Aug 23 14:12:44 PDT 2017,5,BatchId:2916360;OriginalHitTemplateId:920937336;,3600,604800,Wed Aug 30 14:12:44 PDT 2017,,,3ZR9AIQJUCMV87Y6SXBFNG9VF5C04D,A1JX27PY35GDFR,Submitted,Wed Aug 23 18:39:28 PDT 2017,Wed Aug 23 18:42:07 PDT 2017,Wed Aug 30 18:42:07 PDT 2017,,,,159,0% (0/0),0% (0/0),0% (0/0),http://svcl.ucsd.edu/~yingwei/internal/diving_share/firstphase/video_first10/sexZ6VnZ9yc_033.mp4,"[{""action1"":"""",""action2"":"""",""action3"":"""",""action4"":"""",""athelete_name"":"""",""cam_view"":"""",""position"":"""",""slow_motion"":false,""start_time"":-1,""stop_time"":-1,""dive"":"""",""difficulty"":0,""comment"":"""",""score_time"":-1,""exe_score"":"""",""instances"":[{""cam_view"":""side"",""slow_motion"":false,""stop_time"":24.2,""start_time"":20.7},{""cam_view"":""side"",""slow_motion"":true,""stop_time"":40.96,""start_time"":33}]}]",x,
37VUR2VJ6A2VNGY9RTGVWZ970MPC1S,3JEJVC0BACP0ACQ5IL1815R6EAPNK8,Record the start time and stop time of all diving actions in a 1min video,Record the start time and stop time of all diving instances in a ~1min video,"video, segmentation, label",$0.05,Wed Aug 23 14:12:44 PDT 2017,5,BatchId:2916360;OriginalHitTemplateId:920937336;,3600,604800,Wed Aug 30 14:12:44 PDT 2017,,,32Z9ZLUT1MXAN0EK9PX976EHIDDHO5,A34GCR8HT5VWLO,Submitted,Wed Aug 23 18:03:53 PDT 2017,Wed Aug 23 18:05:25 PDT 2017,Wed Aug 30 18:05:25 PDT 2017,,,,92,0% (0/0),0% (0/0),0% (0/0),http://svcl.ucsd.edu/~yingwei/internal/diving_share/firstphase/video_first10/egsanPCCIzQ_006.mp4,"[{""action1"":"""",""action2"":"""",""action3"":"""",""action4"":"""",""athelete_name"":"""",""cam_view"":"""",""position"":"""",""slow_motion"":false,""start_time"":-1,""stop_time"":-1,""dive"":"""",""difficulty"":0,""comment"":"""",""score_time"":-1,""exe_score"":"""",""instances"":[{""cam_view"":""side"",""slow_motion"":false,""stop_time"":12.83,""start_time"":6.27},{""cam_view"":""front"",""slow_motion"":true,""stop_time"":34.17,""start_time"":26.45}]}]",x,
37VUR2VJ6A2VNGY9RTGVWZ970MPC1S,3JEJVC0BACP0ACQ5IL1815R6EAPNK8,Record the start time and stop time of all diving actions in a 1min video,Record the start time and stop time of all diving instances in a ~1min video,"video, segmentation, label",$0.05,Wed Aug 23 14:12:44 PDT 2017,5,BatchId:2916360;OriginalHitTemplateId:920937336;,3600,604800,Wed Aug 30 14:12:44 PDT 2017,,,3IRIK4HM3BXTHMX0N1XEFFVAKLD6CV,A1VSFVHC6N3FSB,Submitted,Wed Aug 23 17:23:30 PDT 2017,Wed Aug 23 17:24:15 PDT 2017,Wed Aug 30 17:24:15 PDT 2017,,,,45,0% (0/0),0% (0/0),0% (0/0),http://svcl.ucsd.edu/~yingwei/internal/diving_share/firstphase/video_first10/egsanPCCIzQ_006.mp4,"[{""action1"":"""",""action2"":"""",""action3"":"""",""action4"":"""",""athelete_name"":"""",""cam_view"":"""",""position"":"""",""slow_motion"":false,""start_time"":-1,""stop_time"":-1,""dive"":"""",""difficulty"":0,""comment"":"""",""score_time"":-1,""exe_score"":"""",""instances"":[{""cam_view"":""front"",""slow_motion"":true,""stop_time"":10.84,""start_time"":9.22},{""cam_view"":""side"",""slow_motion"":false,""stop_time"":0,""start_time"":0},{""cam_view"":""side"",""slow_motion"":false,""stop_time"":0,""start_time"":0}]}]",x,
37VUR2VJ6A2VNGY9RTGVWZ970MPC1S,3JEJVC0BACP0ACQ5IL1815R6EAPNK8,Record the start time and stop time of all diving actions in a 1min video,Record the start time and stop time of all diving instances in a ~1min video,"video, segmentation, label",$0.05,Wed Aug 23 14:12:44 PDT 2017,5,BatchId:2916360;OriginalHitTemplateId:920937336;,3600,604800,Wed Aug 30 14:12:44 PDT 2017,,,3RU7GD8VPP6HY941ZJMN0KQ91TRSPJ,AE67FLJJ73P9V,Submitted,Wed Aug 23 19:02:11 PDT 2017,Wed Aug 23 19:07:34 PDT 2017,Wed Aug 30 19:07:34 PDT 2017,,,,323,0% (0/0),0% (0/0),0% (0/0),http://svcl.ucsd.edu/~yingwei/internal/diving_share/firstphase/video_first10/egsanPCCIzQ_006.mp4,"[{""action1"":"""",""action2"":"""",""action3"":"""",""action4"":"""",""athelete_name"":"""",""cam_view"":"""",""position"":"""",""slow_motion"":false,""start_time"":-1,""stop_time"":-1,""dive"":"""",""difficulty"":0,""comment"":"""",""score_time"":-1,""exe_score"":"""",""instances"":[{""cam_view"":""side"",""slow_motion"":false,""stop_time"":13,""start_time"":8},{""cam_view"":""side"",""slow_motion"":false,""stop_time"":33,""start_time"":26},{""cam_view"":""side"",""slow_motion"":false,""stop_time"":0,""start_time"":0}]}]",x,
37VUR2VJ6A2VNGY9RTGVWZ970MPC1S,3JEJVC0BACP0ACQ5IL1815R6EAPNK8,Record the start time and stop time of all diving actions in a 1min video,Record the start time and stop time of all diving instances in a ~1min video,"video, segmentation, label",$0.05,Wed Aug 23 14:12:44 PDT 2017,5,BatchId:2916360;OriginalHitTemplateId:920937336;,3600,604800,Wed Aug 30 14:12:44 PDT 2017,,,3SBEHTYCWOGMD9T6LUOS99DYW0RYIQ,A2SWFUEA0QH29B,Submitted,Wed Aug 23 18:28:49 PDT 2017,Wed Aug 23 18:30:30 PDT 2017,Wed Aug 30 18:30:30 PDT 2017,,,,101,0% (0/0),0% (0/0),0% (0/0),http://svcl.ucsd.edu/~yingwei/internal/diving_share/firstphase/video_first10/egsanPCCIzQ_006.mp4,"[{""action1"":"""",""action2"":"""",""action3"":"""",""action4"":"""",""athelete_name"":"""",""cam_view"":"""",""position"":"""",""slow_motion"":false,""start_time"":-1,""stop_time"":-1,""dive"":"""",""difficulty"":0,""comment"":"""",""score_time"":-1,""exe_score"":"""",""instances"":[{""cam_view"":""side"",""slow_motion"":false,""stop_time"":12.7,""start_time"":5.81},{""cam_view"":""side"",""slow_motion"":true,""stop_time"":34.15,""start_time"":26.19}]}]",x,
37VUR2VJ6A2VNGY9RTGVWZ970MPC1S,3JEJVC0BACP0ACQ5IL1815R6EAPNK8,Record the start time and stop time of all diving actions in a 1min video,Record the start time and stop time of all diving instances in a ~1min video,"video, segmentation, label",$0.05,Wed Aug 23 14:12:44 PDT 2017,5,BatchId:2916360;OriginalHitTemplateId:920937336;,3600,604800,Wed Aug 30 14:12:44 PDT 2017,,,3ZPPDN2SLW9VW3JCHZ6LPDMFVYTE92,A3OZTRVA24QHP,Submitted,Wed Aug 23 15:48:43 PDT 2017,Wed Aug 23 15:49:37 PDT 2017,Wed Aug 30 15:49:37 PDT 2017,,,,54,0% (0/0),0% (0/0),0% (0/0),http://svcl.ucsd.edu/~yingwei/internal/diving_share/firstphase/video_first10/egsanPCCIzQ_006.mp4,"[{""action1"":"""",""action2"":"""",""action3"":"""",""action4"":"""",""athelete_name"":"""",""cam_view"":"""",""position"":"""",""slow_motion"":false,""start_time"":-1,""stop_time"":-1,""dive"":"""",""difficulty"":0,""comment"":"""",""score_time"":-1,""exe_score"":"""",""instances"":[{""cam_view"":""side"",""slow_motion"":false,""stop_time"":12.76,""start_time"":5.38},{""cam_view"":""side"",""slow_motion"":false,""stop_time"":0,""start_time"":0},{""cam_view"":""side"",""slow_motion"":false,""stop_time"":0,""start_time"":0}]}]",x,
3ABAOCJ4R8HWD6UHPX0O0WMR2CLMQF,3JEJVC0BACP0ACQ5IL1815R6EAPNK8,Record the start time and stop time of all diving actions in a 1min video,Record the start time and stop time of all diving instances in a ~1min video,"video, segmentation, label",$0.05,Wed Aug 23 14:12:44 PDT 2017,5,BatchId:2916360;OriginalHitTemplateId:920937336;,3600,604800,Wed Aug 30 14:12:44 PDT 2017,,,36WLNQG780NEKWY9FJKHGJH5JY1EBH,A1VSFVHC6N3FSB,Submitted,Wed Aug 23 17:22:45 PDT 2017,Wed Aug 23 17:23:28 PDT 2017,Wed Aug 30 17:23:28 PDT 2017,,,,43,0% (0/0),0% (0/0),0% (0/0),http://svcl.ucsd.edu/~yingwei/internal/diving_share/firstphase/video_first10/sexZ6VnZ9yc_041.mp4,"[{""action1"":"""",""action2"":"""",""action3"":"""",""action4"":"""",""athelete_name"":"""",""cam_view"":"""",""position"":"""",""slow_motion"":false,""start_time"":-1,""stop_time"":-1,""dive"":"""",""difficulty"":0,""comment"":"""",""score_time"":-1,""exe_score"":"""",""instances"":[{""cam_view"":""front"",""slow_motion"":false,""stop_time"":4.66,""start_time"":2.78},{""cam_view"":""side"",""slow_motion"":false,""stop_time"":0,""start_time"":0},{""cam_view"":""side"",""slow_motion"":false,""stop_time"":0,""start_time"":0}]}]",x,
3ABAOCJ4R8HWD6UHPX0O0WMR2CLMQF,3JEJVC0BACP0ACQ5IL1815R6EAPNK8,Record the start time and stop time of all diving actions in a 1min video,Record the start time and stop time of all diving instances in a ~1min video,"video, segmentation, label",$0.05,Wed Aug 23 14:12:44 PDT 2017,5,BatchId:2916360;OriginalHitTemplateId:920937336;,3600,604800,Wed Aug 30 14:12:44 PDT 2017,,,3QECW5O0KIEEKZZX44IZCJHECC35TY,A2SWFUEA0QH29B,Submitted,Wed Aug 23 18:13:31 PDT 2017,Wed Aug 23 18:15:05 PDT 2017,Wed Aug 30 18:15:05 PDT 2017,,,,94,0% (0/0),0% (0/0),0% (0/0),http://svcl.ucsd.edu/~yingwei/internal/diving_share/firstphase/video_first10/sexZ6VnZ9yc_041.mp4,"[{""action1"":"""",""action2"":"""",""action3"":"""",""action4"":"""",""athelete_name"":"""",""cam_view"":"""",""position"":"""",""slow_motion"":false,""start_time"":-1,""stop_time"":-1,""dive"":"""",""difficulty"":0,""comment"":"""",""score_time"":-1,""exe_score"":"""",""instances"":[{""cam_view"":""side"",""slow_motion"":false,""stop_time"":5.9,""start_time"":1.33},{""cam_view"":""side"",""slow_motion"":true,""stop_time"":23.45,""start_time"":12.12}]}]",x,
3ABAOCJ4R8HWD6UHPX0O0WMR2CLMQF,3JEJVC0BACP0ACQ5IL1815R6EAPNK8,Record the start time and stop time of all diving actions in a 1min video,Record the start time and stop time of all diving instances in a ~1min video,"video, segmentation, label",$0.05,Wed Aug 23 14:12:44 PDT 2017,5,BatchId:2916360;OriginalHitTemplateId:920937336;,3600,604800,Wed Aug 30 14:12:44 PDT 2017,,,3VD82FOHKR1J6S34NXJ8WFH15L4OCZ,A3IDSTX0YIA8G2,Submitted,Wed Aug 23 16:08:11 PDT 2017,Wed Aug 23 16:09:17 PDT 2017,Wed Aug 30 16:09:17 PDT 2017,,,,66,0% (0/0),0% (0/0),0% (0/0),http://svcl.ucsd.edu/~yingwei/internal/diving_share/firstphase/video_first10/sexZ6VnZ9yc_041.mp4,"[{""action1"":"""",""action2"":"""",""action3"":"""",""action4"":"""",""athelete_name"":"""",""cam_view"":"""",""position"":"""",""slow_motion"":false,""start_time"":-1,""stop_time"":-1,""dive"":"""",""difficulty"":0,""comment"":"""",""score_time"":-1,""exe_score"":"""",""instances"":[{""cam_view"":""side"",""slow_motion"":false,""stop_time"":5.39,""start_time"":1},{""cam_view"":""side"",""slow_motion"":true,""stop_time"":21.49,""start_time"":13.94},{""cam_view"":""side"",""slow_motion"":false,""stop_time"":0,""start_time"":0}]}]",x,
3ABAOCJ4R8HWD6UHPX0O0WMR2CLMQF,3JEJVC0BACP0ACQ5IL1815R6EAPNK8,Record the start time and stop time of all diving actions in a 1min video,Record the start time and stop time of all diving instances in a ~1min video,"video, segmentation, label",$0.05,Wed Aug 23 14:12:44 PDT 2017,5,BatchId:2916360;OriginalHitTemplateId:920937336;,3600,604800,Wed Aug 30 14:12:44 PDT 2017,,,3WOKGM4L72TZC08OBHQO1EF0WW8O07,A3OZTRVA24QHP,Submitted,Wed Aug 23 16:31:32 PDT 2017,Wed Aug 23 16:33:09 PDT 2017,Wed Aug 30 16:33:09 PDT 2017,,,,97,0% (0/0),0% (0/0),0% (0/0),http://svcl.ucsd.edu/~yingwei/internal/diving_share/firstphase/video_first10/sexZ6VnZ9yc_041.mp4,"[{""action1"":"""",""action2"":"""",""action3"":"""",""action4"":"""",""athelete_name"":"""",""cam_view"":"""",""position"":"""",""slow_motion"":false,""start_time"":-1,""stop_time"":-1,""dive"":"""",""difficulty"":0,""comment"":"""",""score_time"":-1,""exe_score"":"""",""instances"":[{""cam_view"":""side"",""slow_motion"":false,""stop_time"":5.58,""start_time"":2.99},{""cam_view"":""side"",""slow_motion"":true,""stop_time"":22.83,""start_time"":13.16},{""cam_view"":""side"",""slow_motion"":false,""stop_time"":0,""start_time"":0}]}]",x,
3ABAOCJ4R8HWD6UHPX0O0WMR2CLMQF,3JEJVC0BACP0ACQ5IL1815R6EAPNK8,Record the start time and stop time of all diving actions in a 1min video,Record the start time and stop time of all diving instances in a ~1min video,"video, segmentation, label",$0.05,Wed Aug 23 14:12:44 PDT 2017,5,BatchId:2916360;OriginalHitTemplateId:920937336;,3600,604800,Wed Aug 30 14:12:44 PDT 2017,,,3WRFBPLXRB1DB779TP8UOND29YHN3G,A1KXZAEFL58Z1E,Submitted,Wed Aug 23 15:37:22 PDT 2017,Wed Aug 23 15:42:30 PDT 2017,Wed Aug 30 15:42:30 PDT 2017,,,,308,0% (0/0),0% (0/0),0% (0/0),http://svcl.ucsd.edu/~yingwei/internal/diving_share/firstphase/video_first10/sexZ6VnZ9yc_041.mp4,"[{""action1"":"""",""action2"":"""",""action3"":"""",""action4"":"""",""athelete_name"":"""",""cam_view"":"""",""position"":"""",""slow_motion"":false,""start_time"":-1,""stop_time"":-1,""dive"":"""",""difficulty"":0,""comment"":"""",""score_time"":-1,""exe_score"":"""",""instances"":[{""cam_view"":""side"",""slow_motion"":false,""stop_time"":5,""start_time"":2},{""cam_view"":""side"",""slow_motion"":true,""stop_time"":21,""start_time"":13}]}]",x,
3UV0D2KX1MWJIRF25DPY231D9JRF4J,3JEJVC0BACP0ACQ5IL1815R6EAPNK8,Record the start time and stop time of all diving actions in a 1min video,Record the start time and stop time of all diving instances in a ~1min video,"video, segmentation, label",$0.05,Wed Aug 23 14:12:44 PDT 2017,5,BatchId:2916360;OriginalHitTemplateId:920937336;,3600,604800,Wed Aug 30 14:12:44 PDT 2017,,,336KAV9KYR5I2OF4WR30MT6H74TY2E,A2SWFUEA0QH29B,Submitted,Wed Aug 23 18:01:21 PDT 2017,Wed Aug 23 18:03:20 PDT 2017,Wed Aug 30 18:03:20 PDT 2017,,,,119,0% (0/0),0% (0/0),0% (0/0),http://svcl.ucsd.edu/~yingwei/internal/diving_share/firstphase/video_first10/cYkUl8MrXgA_038.mp4,"[{""action1"":"""",""action2"":"""",""action3"":"""",""action4"":"""",""athelete_name"":"""",""cam_view"":"""",""position"":"""",""slow_motion"":false,""start_time"":-1,""stop_time"":-1,""dive"":"""",""difficulty"":0,""comment"":"""",""score_time"":-1,""exe_score"":"""",""instances"":[{""cam_view"":""side"",""slow_motion"":false,""stop_time"":19.31,""start_time"":11.44},{""cam_view"":""side"",""slow_motion"":true,""stop_time"":38.63,""start_time"":27.78},{""cam_view"":""front"",""slow_motion"":true,""stop_time"":48.96,""start_time"":38.75}]}]",x,
3UV0D2KX1MWJIRF25DPY231D9JRF4J,3JEJVC0BACP0ACQ5IL1815R6EAPNK8,Record the start time and stop time of all diving actions in a 1min video,Record the start time and stop time of all diving instances in a ~1min video,"video, segmentation, label",$0.05,Wed Aug 23 14:12:44 PDT 2017,5,BatchId:2916360;OriginalHitTemplateId:920937336;,3600,604800,Wed Aug 30 14:12:44 PDT 2017,,,3AQF3RZ559V0KYHAE3NFNLGDHY86F9,AAV4X1RR0NL51,Submitted,Wed Aug 23 19:21:50 PDT 2017,Wed Aug 23 19:26:55 PDT 2017,Wed Aug 30 19:26:55 PDT 2017,,,,305,0% (0/0),0% (0/0),0% (0/0),http://svcl.ucsd.edu/~yingwei/internal/diving_share/firstphase/video_first10/cYkUl8MrXgA_038.mp4,"[{""action1"":"""",""action2"":"""",""action3"":"""",""action4"":"""",""athelete_name"":"""",""cam_view"":"""",""position"":"""",""slow_motion"":false,""start_time"":-1,""stop_time"":-1,""dive"":"""",""difficulty"":0,""comment"":"""",""score_time"":-1,""exe_score"":"""",""instances"":[{""cam_view"":""side"",""slow_motion"":false,""stop_time"":19.52,""start_time"":15.35},{""cam_view"":""side"",""slow_motion"":true,""stop_time"":38.53,""start_time"":28.23},{""cam_view"":""front"",""slow_motion"":true,""stop_time"":48.57,""start_time"":43.86}]}]",x,
3UV0D2KX1MWJIRF25DPY231D9JRF4J,3JEJVC0BACP0ACQ5IL1815R6EAPNK8,Record the start time and stop time of all diving actions in a 1min video,Record the start time and stop time of all diving instances in a ~1min video,"video, segmentation, label",$0.05,Wed Aug 23 14:12:44 PDT 2017,5,BatchId:2916360;OriginalHitTemplateId:920937336;,3600,604800,Wed Aug 30 14:12:44 PDT 2017,,,3R9WASFE20T2881LG8KQKJ98M23FZ7,A34GCR8HT5VWLO,Submitted,Wed Aug 23 18:18:09 PDT 2017,Wed Aug 23 18:19:36 PDT 2017,Wed Aug 30 18:19:36 PDT 2017,,,,87,0% (0/0),0% (0/0),0% (0/0),http://svcl.ucsd.edu/~yingwei/internal/diving_share/firstphase/video_first10/cYkUl8MrXgA_038.mp4,"[{""action1"":"""",""action2"":"""",""action3"":"""",""action4"":"""",""athelete_name"":"""",""cam_view"":"""",""position"":"""",""slow_motion"":false,""start_time"":-1,""stop_time"":-1,""dive"":"""",""difficulty"":0,""comment"":"""",""score_time"":-1,""exe_score"":"""",""instances"":[{""cam_view"":""side"",""slow_motion"":false,""stop_time"":19.22,""start_time"":6.9},{""cam_view"":""side"",""slow_motion"":true,""stop_time"":38.57,""start_time"":28.01},{""cam_view"":""front"",""slow_motion"":true,""stop_time"":48.95,""start_time"":39.49}]}]",x,
3UV0D2KX1MWJIRF25DPY231D9JRF4J,3JEJVC0BACP0ACQ5IL1815R6EAPNK8,Record the start time and stop time of all diving actions in a 1min video,Record the start time and stop time of all diving instances in a ~1min video,"video, segmentation, label",$0.05,Wed Aug 23 14:12:44 PDT 2017,5,BatchId:2916360;OriginalHitTemplateId:920937336;,3600,604800,Wed Aug 30 14:12:44 PDT 2017,,,3TEM0PF1Q6A883HZL8C8QK31SI4D02,A1JX27PY35GDFR,Submitted,Wed Aug 23 18:04:33 PDT 2017,Wed Aug 23 18:07:33 PDT 2017,Wed Aug 30 18:07:33 PDT 2017,,,,180,0% (0/0),0% (0/0),0% (0/0),http://svcl.ucsd.edu/~yingwei/internal/diving_share/firstphase/video_first10/cYkUl8MrXgA_038.mp4,"[{""action1"":"""",""action2"":"""",""action3"":"""",""action4"":"""",""athelete_name"":"""",""cam_view"":"""",""position"":"""",""slow_motion"":false,""start_time"":-1,""stop_time"":-1,""dive"":"""",""difficulty"":0,""comment"":"""",""score_time"":-1,""exe_score"":"""",""instances"":[{""cam_view"":""side"",""slow_motion"":false,""stop_time"":19,""start_time"":15},{""cam_view"":""side"",""slow_motion"":true,""stop_time"":37.87,""start_time"":29},{""cam_view"":""front"",""slow_motion"":true,""stop_time"":48.08,""start_time"":43.45}]}]",x,
3UV0D2KX1MWJIRF25DPY231D9JRF4J,3JEJVC0BACP0ACQ5IL1815R6EAPNK8,Record the start time and stop time of all diving actions in a 1min video,Record the start time and stop time of all diving instances in a ~1min video,"video, segmentation, label",$0.05,Wed Aug 23 14:12:44 PDT 2017,5,BatchId:2916360;OriginalHitTemplateId:920937336;,3600,604800,Wed Aug 30 14:12:44 PDT 2017,,,3TUI152ZZC02416MMDMS4OTAGPYQ1M,A1VSFVHC6N3FSB,Submitted,Wed Aug 23 17:20:57 PDT 2017,Wed Aug 23 17:21:39 PDT 2017,Wed Aug 30 17:21:39 PDT 2017,,,,42,0% (0/0),0% (0/0),0% (0/0),http://svcl.ucsd.edu/~yingwei/internal/diving_share/firstphase/video_first10/cYkUl8MrXgA_038.mp4,"[{""action1"":"""",""action2"":"""",""action3"":"""",""action4"":"""",""athelete_name"":"""",""cam_view"":"""",""position"":"""",""slow_motion"":false,""start_time"":-1,""stop_time"":-1,""dive"":"""",""difficulty"":0,""comment"":"""",""score_time"":-1,""exe_score"":"""",""instances"":[{""cam_view"":""front"",""slow_motion"":true,""stop_time"":18.32,""start_time"":16.34},{""cam_view"":""side"",""slow_motion"":false,""stop_time"":0,""start_time"":0},{""cam_view"":""side"",""slow_motion"":false,""stop_time"":0,""start_time"":0}]}]",,You only label one or less instance which doesn't meet our demand.
307FVKVSYRS63Y0WNURMEBOWBV8747,3JEJVC0BACP0ACQ5IL1815R6EAPNK8,Record the start time and stop time of all diving actions in a 1min video,Record the start time and stop time of all diving instances in a ~1min video,"video, segmentation, label",$0.05,Wed Aug 23 14:12:44 PDT 2017,5,BatchId:2916360;OriginalHitTemplateId:920937336;,3600,604800,Wed Aug 30 14:12:44 PDT 2017,,,39GAF6DQWSDU99238CG2ABSIXHH1VV,A1KXZAEFL58Z1E,Submitted,Wed Aug 23 19:30:10 PDT 2017,Wed Aug 23 19:33:23 PDT 2017,Wed Aug 30 19:33:23 PDT 2017,,,,193,0% (0/0),0% (0/0),0% (0/0),http://svcl.ucsd.edu/~yingwei/internal/diving_share/firstphase/video_first10/czXA41QTops_003.mp4,"[{""action1"":"""",""action2"":"""",""action3"":"""",""action4"":"""",""athelete_name"":"""",""cam_view"":"""",""position"":"""",""slow_motion"":false,""start_time"":-1,""stop_time"":-1,""dive"":"""",""difficulty"":0,""comment"":"""",""score_time"":-1,""exe_score"":"""",""instances"":[{""cam_view"":""side"",""slow_motion"":false,""stop_time"":18,""start_time"":14},{""cam_view"":""side"",""slow_motion"":true,""stop_time"":38,""start_time"":31}]}]",x,
307FVKVSYRS63Y0WNURMEBOWBV8747,3JEJVC0BACP0ACQ5IL1815R6EAPNK8,Record the start time and stop time of all diving actions in a 1min video,Record the start time and stop time of all diving instances in a ~1min video,"video, segmentation, label",$0.05,Wed Aug 23 14:12:44 PDT 2017,5,BatchId:2916360;OriginalHitTemplateId:920937336;,3600,604800,Wed Aug 30 14:12:44 PDT 2017,,,3DHE4R9OCXOIGXU42LHUFTZD282G2X,A1VSFVHC6N3FSB,Submitted,Wed Aug 23 16:53:17 PDT 2017,Wed Aug 23 16:57:21 PDT 2017,Wed Aug 30 16:57:21 PDT 2017,,,,244,0% (0/0),0% (0/0),0% (0/0),http://svcl.ucsd.edu/~yingwei/internal/diving_share/firstphase/video_first10/czXA41QTops_003.mp4,"[{""action1"":"""",""action2"":"""",""action3"":"""",""action4"":"""",""athelete_name"":"""",""cam_view"":"""",""position"":"""",""slow_motion"":false,""start_time"":-1,""stop_time"":-1,""dive"":"""",""difficulty"":0,""comment"":"""",""score_time"":-1,""exe_score"":"""",""instances"":[{""cam_view"":""side"",""slow_motion"":true,""stop_time"":17.06,""start_time"":15.54},{""cam_view"":""side"",""slow_motion"":false,""stop_time"":0,""start_time"":0},{""cam_view"":""side"",""slow_motion"":false,""stop_time"":0,""start_time"":0}]}]",x,
307FVKVSYRS63Y0WNURMEBOWBV8747,3JEJVC0BACP0ACQ5IL1815R6EAPNK8,Record the start time and stop time of all diving actions in a 1min video,Record the start time and stop time of all diving instances in a ~1min video,"video, segmentation, label",$0.05,Wed Aug 23 14:12:44 PDT 2017,5,BatchId:2916360;OriginalHitTemplateId:920937336;,3600,604800,Wed Aug 30 14:12:44 PDT 2017,,,3G2UL9A02ERN5524WKP3ZT3WJAJ67Z,A3OZTRVA24QHP,Submitted,Wed Aug 23 15:57:53 PDT 2017,Wed Aug 23 15:59:15 PDT 2017,Wed Aug 30 15:59:15 PDT 2017,,,,82,0% (0/0),0% (0/0),0% (0/0),http://svcl.ucsd.edu/~yingwei/internal/diving_share/firstphase/video_first10/czXA41QTops_003.mp4,"[{""action1"":"""",""action2"":"""",""action3"":"""",""action4"":"""",""athelete_name"":"""",""cam_view"":"""",""position"":"""",""slow_motion"":false,""start_time"":-1,""stop_time"":-1,""dive"":"""",""difficulty"":0,""comment"":"""",""score_time"":-1,""exe_score"":"""",""instances"":[{""cam_view"":""side"",""slow_motion"":false,""stop_time"":17.94,""start_time"":12.03},{""cam_view"":""side"",""slow_motion"":true,""stop_time"":43.24,""start_time"":30.47},{""cam_view"":""side"",""slow_motion"":false,""stop_time"":0,""start_time"":0}]}]",x,
307FVKVSYRS63Y0WNURMEBOWBV8747,3JEJVC0BACP0ACQ5IL1815R6EAPNK8,Record the start time and stop time of all diving actions in a 1min video,Record the start time and stop time of all diving instances in a ~1min video,"video, segmentation, label",$0.05,Wed Aug 23 14:12:44 PDT 2017,5,BatchId:2916360;OriginalHitTemplateId:920937336;,3600,604800,Wed Aug 30 14:12:44 PDT 2017,,,3NGMS9VZTMVW3RALFWQJHRTQAXCFFM,AE67FLJJ73P9V,Submitted,Wed Aug 23 19:47:24 PDT 2017,Wed Aug 23 19:48:56 PDT 2017,Wed Aug 30 19:48:56 PDT 2017,,,,92,0% (0/0),0% (0/0),0% (0/0),http://svcl.ucsd.edu/~yingwei/internal/diving_share/firstphase/video_first10/czXA41QTops_003.mp4,"[{""action1"":"""",""action2"":"""",""action3"":"""",""action4"":"""",""athelete_name"":"""",""cam_view"":"""",""position"":"""",""slow_motion"":false,""start_time"":-1,""stop_time"":-1,""dive"":"""",""difficulty"":0,""comment"":"""",""score_time"":-1,""exe_score"":"""",""instances"":[{""cam_view"":""side"",""slow_motion"":false,""stop_time"":17,""start_time"":15},{""cam_view"":""side"",""slow_motion"":true,""stop_time"":39,""start_time"":32},{""cam_view"":""side"",""slow_motion"":false,""stop_time"":0,""start_time"":0}]}]",x,
307FVKVSYRS63Y0WNURMEBOWBV8747,3JEJVC0BACP0ACQ5IL1815R6EAPNK8,Record the start time and stop time of all diving actions in a 1min video,Record the start time and stop time of all diving instances in a ~1min video,"video, segmentation, label",$0.05,Wed Aug 23 14:12:44 PDT 2017,5,BatchId:2916360;OriginalHitTemplateId:920937336;,3600,604800,Wed Aug 30 14:12:44 PDT 2017,,,3X3OR7WPZ0D9O4AUTTNB2CHOKPIL8D,A34GCR8HT5VWLO,Submitted,Wed Aug 23 18:19:36 PDT 2017,Wed Aug 23 18:21:14 PDT 2017,Wed Aug 30 18:21:14 PDT 2017,,,,98,0% (0/0),0% (0/0),0% (0/0),http://svcl.ucsd.edu/~yingwei/internal/diving_share/firstphase/video_first10/czXA41QTops_003.mp4,"[{""action1"":"""",""action2"":"""",""action3"":"""",""action4"":"""",""athelete_name"":"""",""cam_view"":"""",""position"":"""",""slow_motion"":false,""start_time"":-1,""stop_time"":-1,""dive"":"""",""difficulty"":0,""comment"":"""",""score_time"":-1,""exe_score"":"""",""instances"":[{""cam_view"":""side"",""slow_motion"":false,""stop_time"":18.58,""start_time"":12.96},{""cam_view"":""side"",""slow_motion"":true,""stop_time"":40.99,""start_time"":30.61}]}]",x,
3TFJJUELSH22C1G5AXG91IJCSS3C29,3JEJVC0BACP0ACQ5IL1815R6EAPNK8,Record the start time and stop time of all diving actions in a 1min video,Record the start time and stop time of all diving instances in a ~1min video,"video, segmentation, label",$0.05,Wed Aug 23 14:12:44 PDT 2017,5,BatchId:2916360;OriginalHitTemplateId:920937336;,3600,604800,Wed Aug 30 14:12:44 PDT 2017,,,392CY0QWG246F2FMWN0LTK9R1ZSI4P,A34GCR8HT5VWLO,Submitted,Wed Aug 23 18:10:20 PDT 2017,Wed Aug 23 18:12:26 PDT 2017,Wed Aug 30 18:12:26 PDT 2017,,,,126,0% (0/0),0% (0/0),0% (0/0),http://svcl.ucsd.edu/~yingwei/internal/diving_share/firstphase/video_first10/V5parOfpuEQ_013.mp4,"[{""action1"":"""",""action2"":"""",""action3"":"""",""action4"":"""",""athelete_name"":"""",""cam_view"":"""",""position"":"""",""slow_motion"":false,""start_time"":-1,""stop_time"":-1,""dive"":"""",""difficulty"":0,""comment"":"""",""score_time"":-1,""exe_score"":"""",""instances"":[{""cam_view"":""side"",""slow_motion"":false,""stop_time"":16.91,""start_time"":4.21},{""cam_view"":""side"",""slow_motion"":true,""stop_time"":35.31,""start_time"":24.93},{""cam_view"":""back"",""slow_motion"":true,""stop_time"":45.8,""start_time"":40.92}]}]",x,
3TFJJUELSH22C1G5AXG91IJCSS3C29,3JEJVC0BACP0ACQ5IL1815R6EAPNK8,Record the start time and stop time of all diving actions in a 1min video,Record the start time and stop time of all diving instances in a ~1min video,"video, segmentation, label",$0.05,Wed Aug 23 14:12:44 PDT 2017,5,BatchId:2916360;OriginalHitTemplateId:920937336;,3600,604800,Wed Aug 30 14:12:44 PDT 2017,,,3GD6L00D3TABJM8UUKFBNF956O51ME,A1LPW6OKC2S4OM,Submitted,Wed Aug 23 19:28:07 PDT 2017,Wed Aug 23 19:33:19 PDT 2017,Wed Aug 30 19:33:19 PDT 2017,,,,312,100% (8/8),100% (8/8),100% (8/8),http://svcl.ucsd.edu/~yingwei/internal/diving_share/firstphase/video_first10/V5parOfpuEQ_013.mp4,"[{""action1"":"""",""action2"":"""",""action3"":"""",""action4"":"""",""athelete_name"":"""",""cam_view"":"""",""position"":"""",""slow_motion"":false,""start_time"":-1,""stop_time"":-1,""dive"":"""",""difficulty"":0,""comment"":"""",""score_time"":-1,""exe_score"":"""",""instances"":[{""cam_view"":""side"",""slow_motion"":false,""stop_time"":16.52,""start_time"":12},{""cam_view"":""side"",""slow_motion"":true,""stop_time"":34.6,""start_time"":25.44},{""cam_view"":""back"",""slow_motion"":true,""stop_time"":45,""start_time"":40.78}]}]",x,
3TFJJUELSH22C1G5AXG91IJCSS3C29,3JEJVC0BACP0ACQ5IL1815R6EAPNK8,Record the start time and stop time of all diving actions in a 1min video,Record the start time and stop time of all diving instances in a ~1min video,"video, segmentation, label",$0.05,Wed Aug 23 14:12:44 PDT 2017,5,BatchId:2916360;OriginalHitTemplateId:920937336;,3600,604800,Wed Aug 30 14:12:44 PDT 2017,,,3IRIK4HM3BXTHMX0N1XEFFVAKLDC61,A1KXZAEFL58Z1E,Submitted,Wed Aug 23 17:06:58 PDT 2017,Wed Aug 23 17:33:37 PDT 2017,Wed Aug 30 17:33:37 PDT 2017,,,,1599,0% (0/0),0% (0/0),0% (0/0),http://svcl.ucsd.edu/~yingwei/internal/diving_share/firstphase/video_first10/V5parOfpuEQ_013.mp4,"[{""action1"":"""",""action2"":"""",""action3"":"""",""action4"":"""",""athelete_name"":"""",""cam_view"":"""",""position"":"""",""slow_motion"":false,""start_time"":-1,""stop_time"":-1,""dive"":"""",""difficulty"":0,""comment"":"""",""score_time"":-1,""exe_score"":"""",""instances"":[{""cam_view"":""side"",""slow_motion"":false,""stop_time"":16,""start_time"":13},{""cam_view"":""side"",""slow_motion"":true,""stop_time"":32,""start_time"":25},{""cam_view"":""front"",""slow_motion"":true,""stop_time"":45,""start_time"":41}]}]",x,
3TFJJUELSH22C1G5AXG91IJCSS3C29,3JEJVC0BACP0ACQ5IL1815R6EAPNK8,Record the start time and stop time of all diving actions in a 1min video,Record the start time and stop time of all diving instances in a ~1min video,"video, segmentation, label",$0.05,Wed Aug 23 14:12:44 PDT 2017,5,BatchId:2916360;OriginalHitTemplateId:920937336;,3600,604800,Wed Aug 30 14:12:44 PDT 2017,,,3NLZY2D53Q2FU8AQFN4BO32OEV3QLS,A1VSFVHC6N3FSB,Submitted,Wed Aug 23 17:26:30 PDT 2017,Wed Aug 23 17:27:11 PDT 2017,Wed Aug 30 17:27:11 PDT 2017,,,,41,0% (0/0),0% (0/0),0% (0/0),http://svcl.ucsd.edu/~yingwei/internal/diving_share/firstphase/video_first10/V5parOfpuEQ_013.mp4,"[{""action1"":"""",""action2"":"""",""action3"":"""",""action4"":"""",""athelete_name"":"""",""cam_view"":"""",""position"":"""",""slow_motion"":false,""start_time"":-1,""stop_time"":-1,""dive"":"""",""difficulty"":0,""comment"":"""",""score_time"":-1,""exe_score"":"""",""instances"":[{""cam_view"":""front"",""slow_motion"":true,""stop_time"":15.17,""start_time"":13.21},{""cam_view"":""side"",""slow_motion"":false,""stop_time"":0,""start_time"":0},{""cam_view"":""side"",""slow_motion"":false,""stop_time"":0,""start_time"":0}]}]",,You only label one or less instance which doesn't meet our demand.
3TFJJUELSH22C1G5AXG91IJCSS3C29,3JEJVC0BACP0ACQ5IL1815R6EAPNK8,Record the start time and stop time of all diving actions in a 1min video,Record the start time and stop time of all diving instances in a ~1min video,"video, segmentation, label",$0.05,Wed Aug 23 14:12:44 PDT 2017,5,BatchId:2916360;OriginalHitTemplateId:920937336;,3600,604800,Wed Aug 30 14:12:44 PDT 2017,,,3TXMY6UCAF1MR4GK2ABCLKC1KMNQCA,A3OZTRVA24QHP,Submitted,Wed Aug 23 16:29:30 PDT 2017,Wed Aug 23 16:31:31 PDT 2017,Wed Aug 30 16:31:31 PDT 2017,,,,121,0% (0/0),0% (0/0),0% (0/0),http://svcl.ucsd.edu/~yingwei/internal/diving_share/firstphase/video_first10/V5parOfpuEQ_013.mp4,"[{""action1"":"""",""action2"":"""",""action3"":"""",""action4"":"""",""athelete_name"":"""",""cam_view"":"""",""position"":"""",""slow_motion"":false,""start_time"":-1,""stop_time"":-1,""dive"":"""",""difficulty"":0,""comment"":"""",""score_time"":-1,""exe_score"":"""",""instances"":[{""cam_view"":""side"",""slow_motion"":false,""stop_time"":16.41,""start_time"":12.58},{""cam_view"":""side"",""slow_motion"":true,""stop_time"":34.92,""start_time"":25.27},{""cam_view"":""front"",""slow_motion"":false,""stop_time"":44.55,""start_time"":40.91}]}]",x,
366FYU4PTG2CQF49VUS8R259U42KEW,3JEJVC0BACP0ACQ5IL1815R6EAPNK8,Record the start time and stop time of all diving actions in a 1min video,Record the start time and stop time of all diving instances in a ~1min video,"video, segmentation, label",$0.05,Wed Aug 23 14:12:44 PDT 2017,5,BatchId:2916360;OriginalHitTemplateId:920937336;,3600,604800,Wed Aug 30 14:12:44 PDT 2017,,,3483FV8BEFWGJ45YQ88832MO8U226K,A2SWFUEA0QH29B,Submitted,Wed Aug 23 18:35:11 PDT 2017,Wed Aug 23 18:37:11 PDT 2017,Wed Aug 30 18:37:11 PDT 2017,,,,120,0% (0/0),0% (0/0),0% (0/0),http://svcl.ucsd.edu/~yingwei/internal/diving_share/firstphase/video_first10/D6zILEKIJbk_012.mp4,"[{""action1"":"""",""action2"":"""",""action3"":"""",""action4"":"""",""athelete_name"":"""",""cam_view"":"""",""position"":"""",""slow_motion"":false,""start_time"":-1,""stop_time"":-1,""dive"":"""",""difficulty"":0,""comment"":"""",""score_time"":-1,""exe_score"":"""",""instances"":[{""cam_view"":""side"",""slow_motion"":false,""stop_time"":8.25,""start_time"":2.06},{""cam_view"":""side"",""slow_motion"":true,""stop_time"":25.55,""start_time"":16.37},{""cam_view"":""back"",""slow_motion"":true,""stop_time"":31.63,""start_time"":25.56}]}]",x,
366FYU4PTG2CQF49VUS8R259U42KEW,3JEJVC0BACP0ACQ5IL1815R6EAPNK8,Record the start time and stop time of all diving actions in a 1min video,Record the start time and stop time of all diving instances in a ~1min video,"video, segmentation, label",$0.05,Wed Aug 23 14:12:44 PDT 2017,5,BatchId:2916360;OriginalHitTemplateId:920937336;,3600,604800,Wed Aug 30 14:12:44 PDT 2017,,,39JEC7537VEEWCC1O95MR7B91E4VCB,A1KXZAEFL58Z1E,Submitted,Wed Aug 23 18:09:23 PDT 2017,Wed Aug 23 18:12:59 PDT 2017,Wed Aug 30 18:12:59 PDT 2017,,,,216,0% (0/0),0% (0/0),0% (0/0),http://svcl.ucsd.edu/~yingwei/internal/diving_share/firstphase/video_first10/D6zILEKIJbk_012.mp4,"[{""action1"":"""",""action2"":"""",""action3"":"""",""action4"":"""",""athelete_name"":"""",""cam_view"":"""",""position"":"""",""slow_motion"":false,""start_time"":-1,""stop_time"":-1,""dive"":"""",""difficulty"":0,""comment"":"""",""score_time"":-1,""exe_score"":"""",""instances"":[{""cam_view"":""side"",""slow_motion"":false,""stop_time"":7,""start_time"":4},{""cam_view"":""side"",""slow_motion"":true,""stop_time"":23,""start_time"":16},{""cam_view"":""back"",""slow_motion"":false,""stop_time"":29,""start_time"":26}]}]",x,
366FYU4PTG2CQF49VUS8R259U42KEW,3JEJVC0BACP0ACQ5IL1815R6EAPNK8,Record the start time and stop time of all diving actions in a 1min video,Record the start time and stop time of all diving instances in a ~1min video,"video, segmentation, label",$0.05,Wed Aug 23 14:12:44 PDT 2017,5,BatchId:2916360;OriginalHitTemplateId:920937336;,3600,604800,Wed Aug 30 14:12:44 PDT 2017,,,3AAJC4I4FH5IDANHZYBBZH10F9EJZ8,A3OZTRVA24QHP,Submitted,Wed Aug 23 15:51:26 PDT 2017,Wed Aug 23 15:52:17 PDT 2017,Wed Aug 30 15:52:17 PDT 2017,,,,51,0% (0/0),0% (0/0),0% (0/0),http://svcl.ucsd.edu/~yingwei/internal/diving_share/firstphase/video_first10/D6zILEKIJbk_012.mp4,"[{""action1"":"""",""action2"":"""",""action3"":"""",""action4"":"""",""athelete_name"":"""",""cam_view"":"""",""position"":"""",""slow_motion"":false,""start_time"":-1,""stop_time"":-1,""dive"":"""",""difficulty"":0,""comment"":"""",""score_time"":-1,""exe_score"":"""",""instances"":[{""cam_view"":""side"",""slow_motion"":false,""stop_time"":7.94,""start_time"":2.13},{""cam_view"":""side"",""slow_motion"":false,""stop_time"":0,""start_time"":0},{""cam_view"":""side"",""slow_motion"":false,""stop_time"":0,""start_time"":0}]}]",,You only label one or less instance which doesn't meet our demand.
366FYU4PTG2CQF49VUS8R259U42KEW,3JEJVC0BACP0ACQ5IL1815R6EAPNK8,Record the start time and stop time of all diving actions in a 1min video,Record the start time and stop time of all diving instances in a ~1min video,"video, segmentation, label",$0.05,Wed Aug 23 14:12:44 PDT 2017,5,BatchId:2916360;OriginalHitTemplateId:920937336;,3600,604800,Wed Aug 30 14:12:44 PDT 2017,,,3EICBYG645955HC77KR3OJ0F6RWCJ6,A1VSFVHC6N3FSB,Submitted,Wed Aug 23 16:45:28 PDT 2017,Wed Aug 23 16:46:29 PDT 2017,Wed Aug 30 16:46:29 PDT 2017,,,,61,0% (0/0),0% (0/0),0% (0/0),http://svcl.ucsd.edu/~yingwei/internal/diving_share/firstphase/video_first10/D6zILEKIJbk_012.mp4,"[{""action1"":"""",""action2"":"""",""action3"":"""",""action4"":"""",""athelete_name"":"""",""cam_view"":"""",""position"":"""",""slow_motion"":false,""start_time"":-1,""stop_time"":-1,""dive"":"""",""difficulty"":0,""comment"":"""",""score_time"":-1,""exe_score"":"""",""instances"":[{""cam_view"":""front"",""slow_motion"":false,""stop_time"":6.23,""start_time"":493},{""cam_view"":""side"",""slow_motion"":false,""stop_time"":0,""start_time"":0},{""cam_view"":""side"",""slow_motion"":false,""stop_time"":0,""start_time"":0}]}]",,You only label one or less instance which doesn't meet our demand.
366FYU4PTG2CQF49VUS8R259U42KEW,3JEJVC0BACP0ACQ5IL1815R6EAPNK8,Record the start time and stop time of all diving actions in a 1min video,Record the start time and stop time of all diving instances in a ~1min video,"video, segmentation, label",$0.05,Wed Aug 23 14:12:44 PDT 2017,5,BatchId:2916360;OriginalHitTemplateId:920937336;,3600,604800,Wed Aug 30 14:12:44 PDT 2017,,,3WQQ9FUS6B7XBVOI2GYHO9LJ8V4B8G,A1JX27PY35GDFR,Submitted,Wed Aug 23 18:18:29 PDT 2017,Wed Aug 23 18:20:41 PDT 2017,Wed Aug 30 18:20:41 PDT 2017,,,,132,0% (0/0),0% (0/0),0% (0/0),http://svcl.ucsd.edu/~yingwei/internal/diving_share/firstphase/video_first10/D6zILEKIJbk_012.mp4,"[{""action1"":"""",""action2"":"""",""action3"":"""",""action4"":"""",""athelete_name"":"""",""cam_view"":"""",""position"":"""",""slow_motion"":false,""start_time"":-1,""stop_time"":-1,""dive"":"""",""difficulty"":0,""comment"":"""",""score_time"":-1,""exe_score"":"""",""instances"":[{""cam_view"":""side"",""slow_motion"":false,""stop_time"":8.2,""start_time"":2.85},{""cam_view"":""side"",""slow_motion"":true,""stop_time"":25.69,""start_time"":17.29},{""cam_view"":""back"",""slow_motion"":false,""stop_time"":31.21,""start_time"":26.66}]}]",x,
388CL5C1RJ0ZUVDT6VCFR5F1BKZHLC,3JEJVC0BACP0ACQ5IL1815R6EAPNK8,Record the start time and stop time of all diving actions in a 1min video,Record the start time and stop time of all diving instances in a ~1min video,"video, segmentation, label",$0.05,Wed Aug 23 14:12:44 PDT 2017,5,BatchId:2916360;OriginalHitTemplateId:920937336;,3600,604800,Wed Aug 30 14:12:44 PDT 2017,,,3HVVDCPGTF5CMN9HF6NWNGF77H4TYZ,A3OZTRVA24QHP,Submitted,Wed Aug 23 16:34:38 PDT 2017,Wed Aug 23 16:36:02 PDT 2017,Wed Aug 30 16:36:02 PDT 2017,,,,84,0% (0/0),0% (0/0),0% (0/0),http://svcl.ucsd.edu/~yingwei/internal/diving_share/firstphase/video_first10/LNMISxO35S0_015.mp4,"[{""action1"":"""",""action2"":"""",""action3"":"""",""action4"":"""",""athelete_name"":"""",""cam_view"":"""",""position"":"""",""slow_motion"":false,""start_time"":-1,""stop_time"":-1,""dive"":"""",""difficulty"":0,""comment"":"""",""score_time"":-1,""exe_score"":"""",""instances"":[{""cam_view"":""side"",""slow_motion"":false,""stop_time"":26.58,""start_time"":23.15},{""cam_view"":""side"",""slow_motion"":false,""stop_time"":47.45,""start_time"":40.32},{""cam_view"":""side"",""slow_motion"":false,""stop_time"":0,""start_time"":0}]}]",x,
388CL5C1RJ0ZUVDT6VCFR5F1BKZHLC,3JEJVC0BACP0ACQ5IL1815R6EAPNK8,Record the start time and stop time of all diving actions in a 1min video,Record the start time and stop time of all diving instances in a ~1min video,"video, segmentation, label",$0.05,Wed Aug 23 14:12:44 PDT 2017,5,BatchId:2916360;OriginalHitTemplateId:920937336;,3600,604800,Wed Aug 30 14:12:44 PDT 2017,,,3JBT3HLQF9FEZLQFUBGVWDNCO8SPZM,AE67FLJJ73P9V,Submitted,Wed Aug 23 19:41:27 PDT 2017,Wed Aug 23 19:43:38 PDT 2017,Wed Aug 30 19:43:38 PDT 2017,,,,131,0% (0/0),0% (0/0),0% (0/0),http://svcl.ucsd.edu/~yingwei/internal/diving_share/firstphase/video_first10/LNMISxO35S0_015.mp4,"[{""action1"":"""",""action2"":"""",""action3"":"""",""action4"":"""",""athelete_name"":"""",""cam_view"":"""",""position"":"""",""slow_motion"":false,""start_time"":-1,""stop_time"":-1,""dive"":"""",""difficulty"":0,""comment"":"""",""score_time"":-1,""exe_score"":"""",""instances"":[{""cam_view"":""side"",""slow_motion"":false,""stop_time"":25,""start_time"":23},{""cam_view"":""top"",""slow_motion"":true,""stop_time"":39,""start_time"":35},{""cam_view"":""side"",""slow_motion"":true,""stop_time"":47,""start_time"":40}]}]",x,
388CL5C1RJ0ZUVDT6VCFR5F1BKZHLC,3JEJVC0BACP0ACQ5IL1815R6EAPNK8,Record the start time and stop time of all diving actions in a 1min video,Record the start time and stop time of all diving instances in a ~1min video,"video, segmentation, label",$0.05,Wed Aug 23 14:12:44 PDT 2017,5,BatchId:2916360;OriginalHitTemplateId:920937336;,3600,604800,Wed Aug 30 14:12:44 PDT 2017,,,3LJ7UR74RIQYT3QDT3DDYS58NYL4NQ,A1VSFVHC6N3FSB,Submitted,Wed Aug 23 17:10:45 PDT 2017,Wed Aug 23 17:11:39 PDT 2017,Wed Aug 30 17:11:39 PDT 2017,,,,54,0% (0/0),0% (0/0),0% (0/0),http://svcl.ucsd.edu/~yingwei/internal/diving_share/firstphase/video_first10/LNMISxO35S0_015.mp4,"[{""action1"":"""",""action2"":"""",""action3"":"""",""action4"":"""",""athelete_name"":"""",""cam_view"":"""",""position"":"""",""slow_motion"":false,""start_time"":-1,""stop_time"":-1,""dive"":"""",""difficulty"":0,""comment"":"""",""score_time"":-1,""exe_score"":"""",""instances"":[{""cam_view"":""side"",""slow_motion"":true,""stop_time"":25.41,""start_time"":23.98},{""cam_view"":""side"",""slow_motion"":false,""stop_time"":0,""start_time"":0},{""cam_view"":""side"",""slow_motion"":false,""stop_time"":0,""start_time"":0}]}]",,You only label one or less instance which doesn't meet our demand.
388CL5C1RJ0ZUVDT6VCFR5F1BKZHLC,3JEJVC0BACP0ACQ5IL1815R6EAPNK8,Record the start time and stop time of all diving actions in a 1min video,Record the start time and stop time of all diving instances in a ~1min video,"video, segmentation, label",$0.05,Wed Aug 23 14:12:44 PDT 2017,5,BatchId:2916360;OriginalHitTemplateId:920937336;,3600,604800,Wed Aug 30 14:12:44 PDT 2017,,,3M0BCWMB8W981WK00JEN2PO5Q2UWB3,A1KXZAEFL58Z1E,Submitted,Wed Aug 23 15:26:49 PDT 2017,Wed Aug 23 15:30:07 PDT 2017,Wed Aug 30 15:30:07 PDT 2017,,,,198,0% (0/0),0% (0/0),0% (0/0),http://svcl.ucsd.edu/~yingwei/internal/diving_share/firstphase/video_first10/LNMISxO35S0_015.mp4,"[{""action1"":"""",""action2"":"""",""action3"":"""",""action4"":"""",""athelete_name"":"""",""cam_view"":"""",""position"":"""",""slow_motion"":false,""start_time"":-1,""stop_time"":-1,""dive"":"""",""difficulty"":0,""comment"":"""",""score_time"":-1,""exe_score"":"""",""instances"":[{""cam_view"":""side"",""slow_motion"":false,""stop_time"":26,""start_time"":23},{""cam_view"":""top"",""slow_motion"":false,""stop_time"":39,""start_time"":36},{""cam_view"":""side"",""slow_motion"":true,""stop_time"":46,""start_time"":40}]}]",x,
388CL5C1RJ0ZUVDT6VCFR5F1BKZHLC,3JEJVC0BACP0ACQ5IL1815R6EAPNK8,Record the start time and stop time of all diving actions in a 1min video,Record the start time and stop time of all diving instances in a ~1min video,"video, segmentation, label",$0.05,Wed Aug 23 14:12:44 PDT 2017,5,BatchId:2916360;OriginalHitTemplateId:920937336;,3600,604800,Wed Aug 30 14:12:44 PDT 2017,,,3X4JMASXCNMFT6JF7CL2VUF1PXV0BL,A1D5JBBBO1D1FI,Submitted,Wed Aug 23 19:39:53 PDT 2017,Wed Aug 23 19:45:16 PDT 2017,Wed Aug 30 19:45:16 PDT 2017,,,,323,0% (0/0),0% (0/0),0% (0/0),http://svcl.ucsd.edu/~yingwei/internal/diving_share/firstphase/video_first10/LNMISxO35S0_015.mp4,"[{""action1"":"""",""action2"":"""",""action3"":"""",""action4"":"""",""athelete_name"":"""",""cam_view"":"""",""position"":"""",""slow_motion"":false,""start_time"":-1,""stop_time"":-1,""dive"":"""",""difficulty"":0,""comment"":"""",""score_time"":-1,""exe_score"":"""",""instances"":[{""cam_view"":""side"",""slow_motion"":false,""stop_time"":26.63,""start_time"":22.74},{""cam_view"":""top"",""slow_motion"":false,""stop_time"":39.67,""start_time"":35.29},{""cam_view"":""side"",""slow_motion"":true,""stop_time"":48.12,""start_time"":40.56}]}]",x,
3G5RUKN2ECGW3PYVKW42RGL2X2R9NG,3JEJVC0BACP0ACQ5IL1815R6EAPNK8,Record the start time and stop time of all diving actions in a 1min video,Record the start time and stop time of all diving instances in a ~1min video,"video, segmentation, label",$0.05,Wed Aug 23 14:12:44 PDT 2017,5,BatchId:2916360;OriginalHitTemplateId:920937336;,3600,604800,Wed Aug 30 14:12:44 PDT 2017,,,37UQDCYH6Y88KVH5XSXBBLJV037V7C,A1KXZAEFL58Z1E,Submitted,Wed Aug 23 15:43:47 PDT 2017,Wed Aug 23 15:48:39 PDT 2017,Wed Aug 30 15:48:39 PDT 2017,,,,292,0% (0/0),0% (0/0),0% (0/0),http://svcl.ucsd.edu/~yingwei/internal/diving_share/firstphase/video_first10/ZAmJsIcfFOA_030.mp4,"[{""action1"":"""",""action2"":"""",""action3"":"""",""action4"":"""",""athelete_name"":"""",""cam_view"":"""",""position"":"""",""slow_motion"":false,""start_time"":-1,""stop_time"":-1,""dive"":"""",""difficulty"":0,""comment"":"""",""score_time"":-1,""exe_score"":"""",""instances"":[{""cam_view"":""side"",""slow_motion"":false,""stop_time"":15,""start_time"":12},{""cam_view"":""side"",""slow_motion"":true,""stop_time"":33,""start_time"":26},{""cam_view"":""front"",""slow_motion"":false,""stop_time"":42,""start_time"":37}]}]",x,
3G5RUKN2ECGW3PYVKW42RGL2X2R9NG,3JEJVC0BACP0ACQ5IL1815R6EAPNK8,Record the start time and stop time of all diving actions in a 1min video,Record the start time and stop time of all diving instances in a ~1min video,"video, segmentation, label",$0.05,Wed Aug 23 14:12:44 PDT 2017,5,BatchId:2916360;OriginalHitTemplateId:920937336;,3600,604800,Wed Aug 30 14:12:44 PDT 2017,,,39O5D9O87U5UK3AI4ZZG8CJQAUC3CN,A34GCR8HT5VWLO,Submitted,Wed Aug 23 17:58:27 PDT 2017,Wed Aug 23 18:00:55 PDT 2017,Wed Aug 30 18:00:55 PDT 2017,,,,148,0% (0/0),0% (0/0),0% (0/0),http://svcl.ucsd.edu/~yingwei/internal/diving_share/firstphase/video_first10/ZAmJsIcfFOA_030.mp4,"[{""action1"":"""",""action2"":"""",""action3"":"""",""action4"":"""",""athelete_name"":"""",""cam_view"":"""",""position"":"""",""slow_motion"":false,""start_time"":-1,""stop_time"":-1,""dive"":"""",""difficulty"":0,""comment"":"""",""score_time"":-1,""exe_score"":"""",""instances"":[{""cam_view"":""side"",""slow_motion"":false,""stop_time"":15.98,""start_time"":11.15},{""cam_view"":""side"",""slow_motion"":true,""stop_time"":36.58,""start_time"":26.09},{""cam_view"":""back"",""slow_motion"":true,""stop_time"":42.84,""start_time"":36.62}]}]",x,
3G5RUKN2ECGW3PYVKW42RGL2X2R9NG,3JEJVC0BACP0ACQ5IL1815R6EAPNK8,Record the start time and stop time of all diving actions in a 1min video,Record the start time and stop time of all diving instances in a ~1min video,"video, segmentation, label",$0.05,Wed Aug 23 14:12:44 PDT 2017,5,BatchId:2916360;OriginalHitTemplateId:920937336;,3600,604800,Wed Aug 30 14:12:44 PDT 2017,,,3JPSL1DZ5TCDVS6U24N4BVR8F8FNAI,A2LN42YO5UY41W,Submitted,Wed Aug 23 16:27:57 PDT 2017,Wed Aug 23 16:29:46 PDT 2017,Wed Aug 30 16:29:46 PDT 2017,,,,109,0% (0/0),0% (0/0),0% (0/0),http://svcl.ucsd.edu/~yingwei/internal/diving_share/firstphase/video_first10/ZAmJsIcfFOA_030.mp4,"[{""action1"":"""",""action2"":"""",""action3"":"""",""action4"":"""",""athelete_name"":"""",""cam_view"":"""",""position"":"""",""slow_motion"":false,""start_time"":-1,""stop_time"":-1,""dive"":"""",""difficulty"":0,""comment"":"""",""score_time"":-1,""exe_score"":"""",""instances"":[{""cam_view"":""side"",""slow_motion"":false,""stop_time"":16.42,""start_time"":12.11},{""cam_view"":""side"",""slow_motion"":false,""stop_time"":34.67,""start_time"":25.9},{""cam_view"":""front"",""slow_motion"":false,""stop_time"":42.8,""start_time"":36.5}]}]",x,
3G5RUKN2ECGW3PYVKW42RGL2X2R9NG,3JEJVC0BACP0ACQ5IL1815R6EAPNK8,Record the start time and stop time of all diving actions in a 1min video,Record the start time and stop time of all diving instances in a ~1min video,"video, segmentation, label",$0.05,Wed Aug 23 14:12:44 PDT 2017,5,BatchId:2916360;OriginalHitTemplateId:920937336;,3600,604800,Wed Aug 30 14:12:44 PDT 2017,,,3K2755HG5TGZ57WPOQVTTRQ5YKSFD7,A1VSFVHC6N3FSB,Submitted,Wed Aug 23 17:14:06 PDT 2017,Wed Aug 23 17:14:44 PDT 2017,Wed Aug 30 17:14:44 PDT 2017,,,,38,0% (0/0),0% (0/0),0% (0/0),http://svcl.ucsd.edu/~yingwei/internal/diving_share/firstphase/video_first10/ZAmJsIcfFOA_030.mp4,"[{""action1"":"""",""action2"":"""",""action3"":"""",""action4"":"""",""athelete_name"":"""",""cam_view"":"""",""position"":"""",""slow_motion"":false,""start_time"":-1,""stop_time"":-1,""dive"":"""",""difficulty"":0,""comment"":"""",""score_time"":-1,""exe_score"":"""",""instances"":[{""cam_view"":""side"",""slow_motion"":true,""stop_time"":14.61,""start_time"":12.69},{""cam_view"":""side"",""slow_motion"":false,""stop_time"":0,""start_time"":0},{""cam_view"":""side"",""slow_motion"":false,""stop_time"":0,""start_time"":0}]}]",,You only label one or less instance which doesn't meet our demand.
3G5RUKN2ECGW3PYVKW42RGL2X2R9NG,3JEJVC0BACP0ACQ5IL1815R6EAPNK8,Record the start time and stop time of all diving actions in a 1min video,Record the start time and stop time of all diving instances in a ~1min video,"video, segmentation, label",$0.05,Wed Aug 23 14:12:44 PDT 2017,5,BatchId:2916360;OriginalHitTemplateId:920937336;,3600,604800,Wed Aug 30 14:12:44 PDT 2017,,,3U088ZLJVL67H9HQ23HYI8SMZY6W0Q,A3IDSTX0YIA8G2,Submitted,Wed Aug 23 16:17:22 PDT 2017,Wed Aug 23 16:18:06 PDT 2017,Wed Aug 30 16:18:06 PDT 2017,,,,44,0% (0/0),0% (0/0),0% (0/0),http://svcl.ucsd.edu/~yingwei/internal/diving_share/firstphase/video_first10/ZAmJsIcfFOA_030.mp4,"[{""action1"":"""",""action2"":"""",""action3"":"""",""action4"":"""",""athelete_name"":"""",""cam_view"":"""",""position"":"""",""slow_motion"":false,""start_time"":-1,""stop_time"":-1,""dive"":"""",""difficulty"":0,""comment"":"""",""score_time"":-1,""exe_score"":"""",""instances"":[{""cam_view"":""side"",""slow_motion"":false,""stop_time"":14.98,""start_time"":12.52},{""cam_view"":""side"",""slow_motion"":true,""stop_time"":33.44,""start_time"":26.47},{""cam_view"":""side"",""slow_motion"":false,""stop_time"":0,""start_time"":0}]}]",x,
3RZS0FBRWKNY48HBCVRLXVR532VPC9,3JEJVC0BACP0ACQ5IL1815R6EAPNK8,Record the start time and stop time of all diving actions in a 1min video,Record the start time and stop time of all diving instances in a ~1min video,"video, segmentation, label",$0.05,Wed Aug 23 14:12:44 PDT 2017,5,BatchId:2916360;OriginalHitTemplateId:920937336;,3600,604800,Wed Aug 30 14:12:44 PDT 2017,,,33FBRBDW6PCGL0GOGGUCZTR1QGYC8I,A3OZTRVA24QHP,Submitted,Wed Aug 23 15:50:31 PDT 2017,Wed Aug 23 15:51:26 PDT 2017,Wed Aug 30 15:51:26 PDT 2017,,,,55,0% (0/0),0% (0/0),0% (0/0),http://svcl.ucsd.edu/~yingwei/internal/diving_share/firstphase/video_first10/V5parOfpuEQ_012.mp4,"[{""action1"":"""",""action2"":"""",""action3"":"""",""action4"":"""",""athelete_name"":"""",""cam_view"":"""",""position"":"""",""slow_motion"":false,""start_time"":-1,""stop_time"":-1,""dive"":"""",""difficulty"":0,""comment"":"""",""score_time"":-1,""exe_score"":"""",""instances"":[{""cam_view"":""side"",""slow_motion"":false,""stop_time"":10.91,""start_time"":4.98},{""cam_view"":""side"",""slow_motion"":false,""stop_time"":0,""start_time"":0},{""cam_view"":""side"",""slow_motion"":false,""stop_time"":0,""start_time"":0}]}]",x,
3RZS0FBRWKNY48HBCVRLXVR532VPC9,3JEJVC0BACP0ACQ5IL1815R6EAPNK8,Record the start time and stop time of all diving actions in a 1min video,Record the start time and stop time of all diving instances in a ~1min video,"video, segmentation, label",$0.05,Wed Aug 23 14:12:44 PDT 2017,5,BatchId:2916360;OriginalHitTemplateId:920937336;,3600,604800,Wed Aug 30 14:12:44 PDT 2017,,,36NEMU28XGQ4KNOXR84WG5ZZ21BWM5,A1JX27PY35GDFR,Submitted,Wed Aug 23 18:31:02 PDT 2017,Wed Aug 23 18:33:08 PDT 2017,Wed Aug 30 18:33:08 PDT 2017,,,,126,0% (0/0),0% (0/0),0% (0/0),http://svcl.ucsd.edu/~yingwei/internal/diving_share/firstphase/video_first10/V5parOfpuEQ_012.mp4,"[{""action1"":"""",""action2"":"""",""action3"":"""",""action4"":"""",""athelete_name"":"""",""cam_view"":"""",""position"":"""",""slow_motion"":false,""start_time"":-1,""stop_time"":-1,""dive"":"""",""difficulty"":0,""comment"":"""",""score_time"":-1,""exe_score"":"""",""instances"":[{""cam_view"":""side"",""slow_motion"":false,""stop_time"":10.99,""start_time"":4.96},{""cam_view"":""side"",""slow_motion"":true,""stop_time"":35.37,""start_time"":20.8}]}]",x,
3RZS0FBRWKNY48HBCVRLXVR532VPC9,3JEJVC0BACP0ACQ5IL1815R6EAPNK8,Record the start time and stop time of all diving actions in a 1min video,Record the start time and stop time of all diving instances in a ~1min video,"video, segmentation, label",$0.05,Wed Aug 23 14:12:44 PDT 2017,5,BatchId:2916360;OriginalHitTemplateId:920937336;,3600,604800,Wed Aug 30 14:12:44 PDT 2017,,,3AZHRG4CU5XAQBF2SJ6WDBHP15G03S,A2SWFUEA0QH29B,Submitted,Wed Aug 23 18:39:16 PDT 2017,Wed Aug 23 18:40:58 PDT 2017,Wed Aug 30 18:40:58 PDT 2017,,,,102,0% (0/0),0% (0/0),0% (0/0),http://svcl.ucsd.edu/~yingwei/internal/diving_share/firstphase/video_first10/V5parOfpuEQ_012.mp4,"[{""action1"":"""",""action2"":"""",""action3"":"""",""action4"":"""",""athelete_name"":"""",""cam_view"":"""",""position"":"""",""slow_motion"":false,""start_time"":-1,""stop_time"":-1,""dive"":"""",""difficulty"":0,""comment"":"""",""score_time"":-1,""exe_score"":"""",""instances"":[{""cam_view"":""side"",""slow_motion"":false,""stop_time"":11.06,""start_time"":5.31},{""cam_view"":""side"",""slow_motion"":true,""stop_time"":37.2,""start_time"":19.86}]}]",x,
3RZS0FBRWKNY48HBCVRLXVR532VPC9,3JEJVC0BACP0ACQ5IL1815R6EAPNK8,Record the start time and stop time of all diving actions in a 1min video,Record the start time and stop time of all diving instances in a ~1min video,"video, segmentation, label",$0.05,Wed Aug 23 14:12:44 PDT 2017,5,BatchId:2916360;OriginalHitTemplateId:920937336;,3600,604800,Wed Aug 30 14:12:44 PDT 2017,,,3DZQRBDBSMSARKZE1LPGNHN8WXVS33,A1KRCT93LFL2YY,Submitted,Wed Aug 23 16:39:46 PDT 2017,Wed Aug 23 16:40:30 PDT 2017,Wed Aug 30 16:40:30 PDT 2017,,,,44,0% (0/0),0% (0/0),0% (0/0),http://svcl.ucsd.edu/~yingwei/internal/diving_share/firstphase/video_first10/V5parOfpuEQ_012.mp4,"[{""action1"":"""",""action2"":"""",""action3"":"""",""action4"":"""",""athelete_name"":"""",""cam_view"":"""",""position"":"""",""slow_motion"":false,""start_time"":-1,""stop_time"":-1,""dive"":"""",""difficulty"":0,""comment"":"""",""score_time"":-1,""exe_score"":"""",""instances"":[{""cam_view"":""side"",""slow_motion"":false,""stop_time"":11.07,""start_time"":6.49},{""cam_view"":""side"",""slow_motion"":true,""stop_time"":34.9,""start_time"":20.76},{""cam_view"":""side"",""slow_motion"":false,""stop_time"":0,""start_time"":0}]}]",x,
3RZS0FBRWKNY48HBCVRLXVR532VPC9,3JEJVC0BACP0ACQ5IL1815R6EAPNK8,Record the start time and stop time of all diving actions in a 1min video,Record the start time and stop time of all diving instances in a ~1min video,"video, segmentation, label",$0.05,Wed Aug 23 14:12:44 PDT 2017,5,BatchId:2916360;OriginalHitTemplateId:920937336;,3600,604800,Wed Aug 30 14:12:44 PDT 2017,,,3EG49X351VPHKK8VEXT1TSGKL316XX,A1VSFVHC6N3FSB,Submitted,Wed Aug 23 17:08:16 PDT 2017,Wed Aug 23 17:09:03 PDT 2017,Wed Aug 30 17:09:03 PDT 2017,,,,47,0% (0/0),0% (0/0),0% (0/0),http://svcl.ucsd.edu/~yingwei/internal/diving_share/firstphase/video_first10/V5parOfpuEQ_012.mp4,"[{""action1"":"""",""action2"":"""",""action3"":"""",""action4"":"""",""athelete_name"":"""",""cam_view"":"""",""position"":"""",""slow_motion"":false,""start_time"":-1,""stop_time"":-1,""dive"":"""",""difficulty"":0,""comment"":"""",""score_time"":-1,""exe_score"":"""",""instances"":[{""cam_view"":""side"",""slow_motion"":true,""stop_time"":9.7,""start_time"":8.04},{""cam_view"":""side"",""slow_motion"":false,""stop_time"":0,""start_time"":0},{""cam_view"":""side"",""slow_motion"":false,""stop_time"":0,""start_time"":0}]}]",x,
3SZYX62S5GDOZH4W1ZAWJ3UABR375C,3JEJVC0BACP0ACQ5IL1815R6EAPNK8,Record the start time and stop time of all diving actions in a 1min video,Record the start time and stop time of all diving instances in a ~1min video,"video, segmentation, label",$0.05,Wed Aug 23 14:12:44 PDT 2017,5,BatchId:2916360;OriginalHitTemplateId:920937336;,3600,604800,Wed Aug 30 14:12:44 PDT 2017,,,37TD41K0AIMY4KVXUE0HGKR22A9CSM,A1VSFVHC6N3FSB,Submitted,Wed Aug 23 16:48:54 PDT 2017,Wed Aug 23 16:49:41 PDT 2017,Wed Aug 30 16:49:41 PDT 2017,,,,47,0% (0/0),0% (0/0),0% (0/0),http://svcl.ucsd.edu/~yingwei/internal/diving_share/firstphase/video_first10/V5parOfpuEQ_021.mp4,"[{""action1"":"""",""action2"":"""",""action3"":"""",""action4"":"""",""athelete_name"":"""",""cam_view"":"""",""position"":"""",""slow_motion"":false,""start_time"":-1,""stop_time"":-1,""dive"":"""",""difficulty"":0,""comment"":"""",""score_time"":-1,""exe_score"":"""",""instances"":[{""cam_view"":""side"",""slow_motion"":true,""stop_time"":8.97,""start_time"":7.28},{""cam_view"":""side"",""slow_motion"":false,""stop_time"":0,""start_time"":0},{""cam_view"":""side"",""slow_motion"":false,""stop_time"":0,""start_time"":0}]}]",x,
3SZYX62S5GDOZH4W1ZAWJ3UABR375C,3JEJVC0BACP0ACQ5IL1815R6EAPNK8,Record the start time and stop time of all diving actions in a 1min video,Record the start time and stop time of all diving instances in a ~1min video,"video, segmentation, label",$0.05,Wed Aug 23 14:12:44 PDT 2017,5,BatchId:2916360;OriginalHitTemplateId:920937336;,3600,604800,Wed Aug 30 14:12:44 PDT 2017,,,3NJM2BJS4XJ1RSF52XWNLFMRFQ2CP6,A1KXZAEFL58Z1E,Submitted,Wed Aug 23 16:46:34 PDT 2017,Wed Aug 23 16:53:33 PDT 2017,Wed Aug 30 16:53:33 PDT 2017,,,,419,0% (0/0),0% (0/0),0% (0/0),http://svcl.ucsd.edu/~yingwei/internal/diving_share/firstphase/video_first10/V5parOfpuEQ_021.mp4,"[{""action1"":"""",""action2"":"""",""action3"":"""",""action4"":"""",""athelete_name"":"""",""cam_view"":"""",""position"":"""",""slow_motion"":false,""start_time"":-1,""stop_time"":-1,""dive"":"""",""difficulty"":0,""comment"":"""",""score_time"":-1,""exe_score"":"""",""instances"":[{""cam_view"":""side"",""slow_motion"":false,""stop_time"":9,""start_time"":6},{""cam_view"":""side"",""slow_motion"":true,""stop_time"":30,""start_time"":24},{""cam_view"":""top"",""slow_motion"":true,""stop_time"":37,""start_time"":33}]}]",x,
3SZYX62S5GDOZH4W1ZAWJ3UABR375C,3JEJVC0BACP0ACQ5IL1815R6EAPNK8,Record the start time and stop time of all diving actions in a 1min video,Record the start time and stop time of all diving instances in a ~1min video,"video, segmentation, label",$0.05,Wed Aug 23 14:12:44 PDT 2017,5,BatchId:2916360;OriginalHitTemplateId:920937336;,3600,604800,Wed Aug 30 14:12:44 PDT 2017,,,3OSWBBLG1FAG5TNAOK1FZYQC2PIXDA,A3OZTRVA24QHP,Submitted,Wed Aug 23 15:49:37 PDT 2017,Wed Aug 23 15:50:31 PDT 2017,Wed Aug 30 15:50:31 PDT 2017,,,,54,0% (0/0),0% (0/0),0% (0/0),http://svcl.ucsd.edu/~yingwei/internal/diving_share/firstphase/video_first10/V5parOfpuEQ_021.mp4,"[{""action1"":"""",""action2"":"""",""action3"":"""",""action4"":"""",""athelete_name"":"""",""cam_view"":"""",""position"":"""",""slow_motion"":false,""start_time"":-1,""stop_time"":-1,""dive"":"""",""difficulty"":0,""comment"":"""",""score_time"":-1,""exe_score"":"""",""instances"":[{""cam_view"":""side"",""slow_motion"":false,""stop_time"":10.06,""start_time"":6.35},{""cam_view"":""side"",""slow_motion"":false,""stop_time"":0,""start_time"":0},{""cam_view"":""side"",""slow_motion"":false,""stop_time"":0,""start_time"":0}]}]",x,
3SZYX62S5GDOZH4W1ZAWJ3UABR375C,3JEJVC0BACP0ACQ5IL1815R6EAPNK8,Record the start time and stop time of all diving actions in a 1min video,Record the start time and stop time of all diving instances in a ~1min video,"video, segmentation, label",$0.05,Wed Aug 23 14:12:44 PDT 2017,5,BatchId:2916360;OriginalHitTemplateId:920937336;,3600,604800,Wed Aug 30 14:12:44 PDT 2017,,,3SITXWYCNWMNQWPQAOA9482CZ4CXB9,A2SWFUEA0QH29B,Submitted,Wed Aug 23 17:52:43 PDT 2017,Wed Aug 23 17:55:38 PDT 2017,Wed Aug 30 17:55:38 PDT 2017,,,,175,0% (0/0),0% (0/0),0% (0/0),http://svcl.ucsd.edu/~yingwei/internal/diving_share/firstphase/video_first10/V5parOfpuEQ_021.mp4,"[{""action1"":"""",""action2"":"""",""action3"":"""",""action4"":"""",""athelete_name"":"""",""cam_view"":"""",""position"":"""",""slow_motion"":false,""start_time"":-1,""stop_time"":-1,""dive"":"""",""difficulty"":0,""comment"":"""",""score_time"":-1,""exe_score"":"""",""instances"":[{""cam_view"":""side"",""slow_motion"":false,""stop_time"":9.71,""start_time"":3.8},{""cam_view"":""side"",""slow_motion"":true,""stop_time"":32.6,""start_time"":23.92},{""cam_view"":""top"",""slow_motion"":true,""stop_time"":38.09,""start_time"":32.65}]}]",x,
3SZYX62S5GDOZH4W1ZAWJ3UABR375C,3JEJVC0BACP0ACQ5IL1815R6EAPNK8,Record the start time and stop time of all diving actions in a 1min video,Record the start time and stop time of all diving instances in a ~1min video,"video, segmentation, label",$0.05,Wed Aug 23 14:12:44 PDT 2017,5,BatchId:2916360;OriginalHitTemplateId:920937336;,3600,604800,Wed Aug 30 14:12:44 PDT 2017,,,3Z4GS9HPNWN695G9FUUV573SEL8774,A1JX27PY35GDFR,Submitted,Wed Aug 23 18:36:25 PDT 2017,Wed Aug 23 18:39:21 PDT 2017,Wed Aug 30 18:39:21 PDT 2017,,,,176,0% (0/0),0% (0/0),0% (0/0),http://svcl.ucsd.edu/~yingwei/internal/diving_share/firstphase/video_first10/V5parOfpuEQ_021.mp4,"[{""action1"":"""",""action2"":"""",""action3"":"""",""action4"":"""",""athelete_name"":"""",""cam_view"":"""",""position"":"""",""slow_motion"":false,""start_time"":-1,""stop_time"":-1,""dive"":"""",""difficulty"":0,""comment"":"""",""score_time"":-1,""exe_score"":"""",""instances"":[{""cam_view"":""side"",""slow_motion"":false,""stop_time"":10.1,""start_time"":7},{""cam_view"":""side"",""slow_motion"":true,""stop_time"":31.07,""start_time"":24.3},{""cam_view"":""top"",""slow_motion"":true,""stop_time"":37.6,""start_time"":33}]}]",x,
31KSVEGZ345SUJ3V6EVBEKYNW01RWC,3JEJVC0BACP0ACQ5IL1815R6EAPNK8,Record the start time and stop time of all diving actions in a 1min video,Record the start time and stop time of all diving instances in a ~1min video,"video, segmentation, label",$0.05,Wed Aug 23 14:12:44 PDT 2017,5,BatchId:2916360;OriginalHitTemplateId:920937336;,3600,604800,Wed Aug 30 14:12:44 PDT 2017,,,38SKSKU7R2A2DAM72FZ2F1B2NLMILH,A1VSFVHC6N3FSB,Submitted,Wed Aug 23 17:21:40 PDT 2017,Wed Aug 23 17:22:11 PDT 2017,Wed Aug 30 17:22:11 PDT 2017,,,,31,0% (0/0),0% (0/0),0% (0/0),http://svcl.ucsd.edu/~yingwei/internal/diving_share/firstphase/video_first10/V5parOfpuEQ_037.mp4,"[{""action1"":"""",""action2"":"""",""action3"":"""",""action4"":"""",""athelete_name"":"""",""cam_view"":"""",""position"":"""",""slow_motion"":false,""start_time"":-1,""stop_time"":-1,""dive"":"""",""difficulty"":0,""comment"":"""",""score_time"":-1,""exe_score"":"""",""instances"":[{""cam_view"":""front"",""slow_motion"":true,""stop_time"":12.48,""start_time"":10.99},{""cam_view"":""side"",""slow_motion"":false,""stop_time"":0,""start_time"":0},{""cam_view"":""side"",""slow_motion"":false,""stop_time"":0,""start_time"":0}]}]",,You only label one or less instance which doesn't meet our demand.
31KSVEGZ345SUJ3V6EVBEKYNW01RWC,3JEJVC0BACP0ACQ5IL1815R6EAPNK8,Record the start time and stop time of all diving actions in a 1min video,Record the start time and stop time of all diving instances in a ~1min video,"video, segmentation, label",$0.05,Wed Aug 23 14:12:44 PDT 2017,5,BatchId:2916360;OriginalHitTemplateId:920937336;,3600,604800,Wed Aug 30 14:12:44 PDT 2017,,,3BGYGHDBBYXS13MX36W5DP5CSP2225,AE67FLJJ73P9V,Submitted,Wed Aug 23 19:31:29 PDT 2017,Wed Aug 23 19:34:37 PDT 2017,Wed Aug 30 19:34:37 PDT 2017,,,,188,0% (0/0),0% (0/0),0% (0/0),http://svcl.ucsd.edu/~yingwei/internal/diving_share/firstphase/video_first10/V5parOfpuEQ_037.mp4,"[{""action1"":"""",""action2"":"""",""action3"":"""",""action4"":"""",""athelete_name"":"""",""cam_view"":"""",""position"":"""",""slow_motion"":false,""start_time"":-1,""stop_time"":-1,""dive"":"""",""difficulty"":0,""comment"":"""",""score_time"":-1,""exe_score"":"""",""instances"":[{""cam_view"":""side"",""slow_motion"":false,""stop_time"":12,""start_time"":9},{""cam_view"":""side"",""slow_motion"":true,""stop_time"":27,""start_time"":20},{""cam_view"":""front"",""slow_motion"":true,""stop_time"":34,""start_time"":30}]}]",x,
31KSVEGZ345SUJ3V6EVBEKYNW01RWC,3JEJVC0BACP0ACQ5IL1815R6EAPNK8,Record the start time and stop time of all diving actions in a 1min video,Record the start time and stop time of all diving instances in a ~1min video,"video, segmentation, label",$0.05,Wed Aug 23 14:12:44 PDT 2017,5,BatchId:2916360;OriginalHitTemplateId:920937336;,3600,604800,Wed Aug 30 14:12:44 PDT 2017,,,3OLQQLKKNT2K2FWL3BXYE70IR37JE4,A64OWHYGADH5J,Submitted,Wed Aug 23 16:07:47 PDT 2017,Wed Aug 23 16:12:58 PDT 2017,Wed Aug 30 16:12:58 PDT 2017,,,,311,0% (0/0),0% (0/0),0% (0/0),http://svcl.ucsd.edu/~yingwei/internal/diving_share/firstphase/video_first10/V5parOfpuEQ_037.mp4,"[{""action1"":"""",""action2"":"""",""action3"":"""",""action4"":"""",""athelete_name"":"""",""cam_view"":"""",""position"":"""",""slow_motion"":false,""start_time"":-1,""stop_time"":-1,""dive"":"""",""difficulty"":0,""comment"":"""",""score_time"":-1,""exe_score"":"""",""instances"":[{""cam_view"":""side"",""slow_motion"":true,""stop_time"":13.24,""start_time"":9.98},{""cam_view"":""side"",""slow_motion"":true,""stop_time"":28.05,""start_time"":20.5},{""cam_view"":""back"",""slow_motion"":false,""stop_time"":35,""start_time"":29.7}]}]",x,
31KSVEGZ345SUJ3V6EVBEKYNW01RWC,3JEJVC0BACP0ACQ5IL1815R6EAPNK8,Record the start time and stop time of all diving actions in a 1min video,Record the start time and stop time of all diving instances in a ~1min video,"video, segmentation, label",$0.05,Wed Aug 23 14:12:44 PDT 2017,5,BatchId:2916360;OriginalHitTemplateId:920937336;,3600,604800,Wed Aug 30 14:12:44 PDT 2017,,,3RXCAC0YIS2T2CWTI2QVPKCGO8Q8GO,A1KXZAEFL58Z1E,Submitted,Wed Aug 23 15:53:10 PDT 2017,Wed Aug 23 15:56:32 PDT 2017,Wed Aug 30 15:56:32 PDT 2017,,,,202,0% (0/0),0% (0/0),0% (0/0),http://svcl.ucsd.edu/~yingwei/internal/diving_share/firstphase/video_first10/V5parOfpuEQ_037.mp4,"[{""action1"":"""",""action2"":"""",""action3"":"""",""action4"":"""",""athelete_name"":"""",""cam_view"":"""",""position"":"""",""slow_motion"":false,""start_time"":-1,""stop_time"":-1,""dive"":"""",""difficulty"":0,""comment"":"""",""score_time"":-1,""exe_score"":"""",""instances"":[{""cam_view"":""side"",""slow_motion"":false,""stop_time"":13,""start_time"":10},{""cam_view"":""side"",""slow_motion"":true,""stop_time"":27,""start_time"":21},{""cam_view"":""front"",""slow_motion"":true,""stop_time"":35,""start_time"":30}]}]",x,
31KSVEGZ345SUJ3V6EVBEKYNW01RWC,3JEJVC0BACP0ACQ5IL1815R6EAPNK8,Record the start time and stop time of all diving actions in a 1min video,Record the start time and stop time of all diving instances in a ~1min video,"video, segmentation, label",$0.05,Wed Aug 23 14:12:44 PDT 2017,5,BatchId:2916360;OriginalHitTemplateId:920937336;,3600,604800,Wed Aug 30 14:12:44 PDT 2017,,,3TDXMTX3CC7KUPJ0FBT0QIT5XQYI6A,A2SWFUEA0QH29B,Submitted,Wed Aug 23 18:11:47 PDT 2017,Wed Aug 23 18:13:31 PDT 2017,Wed Aug 30 18:13:31 PDT 2017,,,,104,0% (0/0),0% (0/0),0% (0/0),http://svcl.ucsd.edu/~yingwei/internal/diving_share/firstphase/video_first10/V5parOfpuEQ_037.mp4,"[{""action1"":"""",""action2"":"""",""action3"":"""",""action4"":"""",""athelete_name"":"""",""cam_view"":"""",""position"":"""",""slow_motion"":false,""start_time"":-1,""stop_time"":-1,""dive"":"""",""difficulty"":0,""comment"":"""",""score_time"":-1,""exe_score"":"""",""instances"":[{""cam_view"":""side"",""slow_motion"":false,""stop_time"":14.06,""start_time"":8.73},{""cam_view"":""side"",""slow_motion"":true,""stop_time"":29.7,""start_time"":19.96},{""cam_view"":""back"",""slow_motion"":true,""stop_time"":35.81,""start_time"":29.83}]}]",x,
372AGES0I4I7JJ8LGJRXG3CU527RX5,3JEJVC0BACP0ACQ5IL1815R6EAPNK8,Record the start time and stop time of all diving actions in a 1min video,Record the start time and stop time of all diving instances in a ~1min video,"video, segmentation, label",$0.05,Wed Aug 23 14:12:44 PDT 2017,5,BatchId:2916360;OriginalHitTemplateId:920937336;,3600,604800,Wed Aug 30 14:12:44 PDT 2017,,,33NF62TLXKFNOFOVZX81C2DNB0WJKH,A1KXZAEFL58Z1E,Submitted,Wed Aug 23 15:30:12 PDT 2017,Wed Aug 23 15:37:17 PDT 2017,Wed Aug 30 15:37:17 PDT 2017,,,,425,0% (0/0),0% (0/0),0% (0/0),http://svcl.ucsd.edu/~yingwei/internal/diving_share/firstphase/video_first10/ZAmJsIcfFOA_033.mp4,"[{""action1"":"""",""action2"":"""",""action3"":"""",""action4"":"""",""athelete_name"":"""",""cam_view"":"""",""position"":"""",""slow_motion"":false,""start_time"":-1,""stop_time"":-1,""dive"":"""",""difficulty"":0,""comment"":"""",""score_time"":-1,""exe_score"":"""",""instances"":[{""cam_view"":""side"",""slow_motion"":false,""stop_time"":14,""start_time"":10},{""cam_view"":""side"",""slow_motion"":true,""stop_time"":31,""start_time"":24},{""cam_view"":""back"",""slow_motion"":true,""stop_time"":41,""start_time"":35}]}]",x,
372AGES0I4I7JJ8LGJRXG3CU527RX5,3JEJVC0BACP0ACQ5IL1815R6EAPNK8,Record the start time and stop time of all diving actions in a 1min video,Record the start time and stop time of all diving instances in a ~1min video,"video, segmentation, label",$0.05,Wed Aug 23 14:12:44 PDT 2017,5,BatchId:2916360;OriginalHitTemplateId:920937336;,3600,604800,Wed Aug 30 14:12:44 PDT 2017,,,34T446B1C1RY3BBLLCHX6ELJ7IQ0CN,A64OWHYGADH5J,Submitted,Wed Aug 23 16:41:27 PDT 2017,Wed Aug 23 16:42:48 PDT 2017,Wed Aug 30 16:42:48 PDT 2017,,,,81,0% (0/0),0% (0/0),0% (0/0),http://svcl.ucsd.edu/~yingwei/internal/diving_share/firstphase/video_first10/ZAmJsIcfFOA_033.mp4,"[{""action1"":"""",""action2"":"""",""action3"":"""",""action4"":"""",""athelete_name"":"""",""cam_view"":"""",""position"":"""",""slow_motion"":false,""start_time"":-1,""stop_time"":-1,""dive"":"""",""difficulty"":0,""comment"":"""",""score_time"":-1,""exe_score"":"""",""instances"":[{""cam_view"":""side"",""slow_motion"":false,""stop_time"":14.11,""start_time"":5.81},{""cam_view"":""side"",""slow_motion"":true,""stop_time"":32.83,""start_time"":25},{""cam_view"":""front"",""slow_motion"":true,""stop_time"":43.71,""start_time"":34.87}]}]",x,
372AGES0I4I7JJ8LGJRXG3CU527RX5,3JEJVC0BACP0ACQ5IL1815R6EAPNK8,Record the start time and stop time of all diving actions in a 1min video,Record the start time and stop time of all diving instances in a ~1min video,"video, segmentation, label",$0.05,Wed Aug 23 14:12:44 PDT 2017,5,BatchId:2916360;OriginalHitTemplateId:920937336;,3600,604800,Wed Aug 30 14:12:44 PDT 2017,,,38F71OA9GU9291221JUWCHDZ7YKFMP,A1VSFVHC6N3FSB,Submitted,Wed Aug 23 17:15:51 PDT 2017,Wed Aug 23 17:16:36 PDT 2017,Wed Aug 30 17:16:36 PDT 2017,,,,45,0% (0/0),0% (0/0),0% (0/0),http://svcl.ucsd.edu/~yingwei/internal/diving_share/firstphase/video_first10/ZAmJsIcfFOA_033.mp4,"[{""action1"":"""",""action2"":"""",""action3"":"""",""action4"":"""",""athelete_name"":"""",""cam_view"":"""",""position"":"""",""slow_motion"":false,""start_time"":-1,""stop_time"":-1,""dive"":"""",""difficulty"":0,""comment"":"""",""score_time"":-1,""exe_score"":"""",""instances"":[{""cam_view"":""side"",""slow_motion"":true,""stop_time"":13.1,""start_time"":11.96},{""cam_view"":""side"",""slow_motion"":false,""stop_time"":0,""start_time"":0},{""cam_view"":""side"",""slow_motion"":false,""stop_time"":0,""start_time"":0}]}]",,You only label one or less instance which doesn't meet our demand.
372AGES0I4I7JJ8LGJRXG3CU527RX5,3JEJVC0BACP0ACQ5IL1815R6EAPNK8,Record the start time and stop time of all diving actions in a 1min video,Record the start time and stop time of all diving instances in a ~1min video,"video, segmentation, label",$0.05,Wed Aug 23 14:12:44 PDT 2017,5,BatchId:2916360;OriginalHitTemplateId:920937336;,3600,604800,Wed Aug 30 14:12:44 PDT 2017,,,3JV9LGBJWURWN4J9PJFRM62G3DWOG9,A3IDSTX0YIA8G2,Submitted,Wed Aug 23 16:09:17 PDT 2017,Wed Aug 23 16:11:17 PDT 2017,Wed Aug 30 16:11:17 PDT 2017,,,,120,0% (0/0),0% (0/0),0% (0/0),http://svcl.ucsd.edu/~yingwei/internal/diving_share/firstphase/video_first10/ZAmJsIcfFOA_033.mp4,"[{""action1"":"""",""action2"":"""",""action3"":"""",""action4"":"""",""athelete_name"":"""",""cam_view"":"""",""position"":"""",""slow_motion"":false,""start_time"":-1,""stop_time"":-1,""dive"":"""",""difficulty"":0,""comment"":"""",""score_time"":-1,""exe_score"":"""",""instances"":[{""cam_view"":""side"",""slow_motion"":false,""stop_time"":13.73,""start_time"":8.62},{""cam_view"":""side"",""slow_motion"":true,""stop_time"":31.57,""start_time"":24.7},{""cam_view"":""side"",""slow_motion"":true,""stop_time"":42.65,""start_time"":34}]}]",x,
372AGES0I4I7JJ8LGJRXG3CU527RX5,3JEJVC0BACP0ACQ5IL1815R6EAPNK8,Record the start time and stop time of all diving actions in a 1min video,Record the start time and stop time of all diving instances in a ~1min video,"video, segmentation, label",$0.05,Wed Aug 23 14:12:44 PDT 2017,5,BatchId:2916360;OriginalHitTemplateId:920937336;,3600,604800,Wed Aug 30 14:12:44 PDT 2017,,,3UXUOQ9OKFAOS7E7MX6FFY5IFTDA7X,A34GCR8HT5VWLO,Submitted,Wed Aug 23 18:00:55 PDT 2017,Wed Aug 23 18:03:53 PDT 2017,Wed Aug 30 18:03:53 PDT 2017,,,,178,0% (0/0),0% (0/0),0% (0/0),http://svcl.ucsd.edu/~yingwei/internal/diving_share/firstphase/video_first10/ZAmJsIcfFOA_033.mp4,"[{""action1"":"""",""action2"":"""",""action3"":"""",""action4"":"""",""athelete_name"":"""",""cam_view"":"""",""position"":"""",""slow_motion"":false,""start_time"":-1,""stop_time"":-1,""dive"":"""",""difficulty"":0,""comment"":"""",""score_time"":-1,""exe_score"":"""",""instances"":[{""cam_view"":""side"",""slow_motion"":false,""stop_time"":14.43,""start_time"":4.32},{""cam_view"":""side"",""slow_motion"":true,""stop_time"":34.21,""start_time"":25.16},{""cam_view"":""top"",""slow_motion"":true,""stop_time"":43.72,""start_time"":34.53}]}]",x,
3KI0JD2ZU1VKIL4A6IK1B98A7ME76S,3JEJVC0BACP0ACQ5IL1815R6EAPNK8,Record the start time and stop time of all diving actions in a 1min video,Record the start time and stop time of all diving instances in a ~1min video,"video, segmentation, label",$0.05,Wed Aug 23 14:12:44 PDT 2017,5,BatchId:2916360;OriginalHitTemplateId:920937336;,3600,604800,Wed Aug 30 14:12:44 PDT 2017,,,32KTQ2V7REST8RBPYXU42LRO40OM93,A1VSFVHC6N3FSB,Submitted,Wed Aug 23 17:01:27 PDT 2017,Wed Aug 23 17:02:08 PDT 2017,Wed Aug 30 17:02:08 PDT 2017,,,,41,0% (0/0),0% (0/0),0% (0/0),http://svcl.ucsd.edu/~yingwei/internal/diving_share/firstphase/video_first10/V5parOfpuEQ_033.mp4,"[{""action1"":"""",""action2"":"""",""action3"":"""",""action4"":"""",""athelete_name"":"""",""cam_view"":"""",""position"":"""",""slow_motion"":false,""start_time"":-1,""stop_time"":-1,""dive"":"""",""difficulty"":0,""comment"":"""",""score_time"":-1,""exe_score"":"""",""instances"":[{""cam_view"":""front"",""slow_motion"":false,""stop_time"":12.02,""start_time"":10.1},{""cam_view"":""side"",""slow_motion"":false,""stop_time"":0,""start_time"":0},{""cam_view"":""side"",""slow_motion"":false,""stop_time"":0,""start_time"":0}]}]",,You only label one or less instance which doesn't meet our demand.
3KI0JD2ZU1VKIL4A6IK1B98A7ME76S,3JEJVC0BACP0ACQ5IL1815R6EAPNK8,Record the start time and stop time of all diving actions in a 1min video,Record the start time and stop time of all diving instances in a ~1min video,"video, segmentation, label",$0.05,Wed Aug 23 14:12:44 PDT 2017,5,BatchId:2916360;OriginalHitTemplateId:920937336;,3600,604800,Wed Aug 30 14:12:44 PDT 2017,,,3H8DHMCCWAOALTO3P1MQ94IA6GDDKB,AE67FLJJ73P9V,Submitted,Wed Aug 23 19:55:19 PDT 2017,Wed Aug 23 19:57:18 PDT 2017,Wed Aug 30 19:57:18 PDT 2017,,,,119,0% (0/0),0% (0/0),0% (0/0),http://svcl.ucsd.edu/~yingwei/internal/diving_share/firstphase/video_first10/V5parOfpuEQ_033.mp4,"[{""action1"":"""",""action2"":"""",""action3"":"""",""action4"":"""",""athelete_name"":"""",""cam_view"":"""",""position"":"""",""slow_motion"":false,""start_time"":-1,""stop_time"":-1,""dive"":"""",""difficulty"":0,""comment"":"""",""score_time"":-1,""exe_score"":"""",""instances"":[{""cam_view"":""side"",""slow_motion"":false,""stop_time"":12,""start_time"":9},{""cam_view"":""front"",""slow_motion"":true,""stop_time"":28,""start_time"":21},{""cam_view"":""top"",""slow_motion"":true,""stop_time"":37,""start_time"":31}]}]",x,
3KI0JD2ZU1VKIL4A6IK1B98A7ME76S,3JEJVC0BACP0ACQ5IL1815R6EAPNK8,Record the start time and stop time of all diving actions in a 1min video,Record the start time and stop time of all diving instances in a ~1min video,"video, segmentation, label",$0.05,Wed Aug 23 14:12:44 PDT 2017,5,BatchId:2916360;OriginalHitTemplateId:920937336;,3600,604800,Wed Aug 30 14:12:44 PDT 2017,,,3JRJSWSMQIY9H1UW0Q5BY0JTV6SE3U,A2SWFUEA0QH29B,Submitted,Wed Aug 23 20:13:29 PDT 2017,Wed Aug 23 20:15:43 PDT 2017,Wed Aug 30 20:15:43 PDT 2017,,,,134,0% (0/0),0% (0/0),0% (0/0),http://svcl.ucsd.edu/~yingwei/internal/diving_share/firstphase/video_first10/V5parOfpuEQ_033.mp4,"[{""action1"":"""",""action2"":"""",""action3"":"""",""action4"":"""",""athelete_name"":"""",""cam_view"":"""",""position"":"""",""slow_motion"":false,""start_time"":-1,""stop_time"":-1,""dive"":"""",""difficulty"":0,""comment"":"""",""score_time"":-1,""exe_score"":"""",""instances"":[{""cam_view"":""side"",""slow_motion"":false,""stop_time"":13.29,""start_time"":8.02},{""cam_view"":""front"",""slow_motion"":true,""stop_time"":29.59,""start_time"":20.81},{""cam_view"":""top"",""slow_motion"":true,""stop_time"":38.16,""start_time"":30.21}]}]",x,
3KI0JD2ZU1VKIL4A6IK1B98A7ME76S,3JEJVC0BACP0ACQ5IL1815R6EAPNK8,Record the start time and stop time of all diving actions in a 1min video,Record the start time and stop time of all diving instances in a ~1min video,"video, segmentation, label",$0.05,Wed Aug 23 14:12:44 PDT 2017,5,BatchId:2916360;OriginalHitTemplateId:920937336;,3600,604800,Wed Aug 30 14:12:44 PDT 2017,,,3WETL7AQWUL9LI13PPC8U6DGIDT53K,A1KXZAEFL58Z1E,Submitted,Wed Aug 23 19:33:29 PDT 2017,Wed Aug 23 19:37:57 PDT 2017,Wed Aug 30 19:37:57 PDT 2017,,,,268,0% (0/0),0% (0/0),0% (0/0),http://svcl.ucsd.edu/~yingwei/internal/diving_share/firstphase/video_first10/V5parOfpuEQ_033.mp4,"[{""action1"":"""",""action2"":"""",""action3"":"""",""action4"":"""",""athelete_name"":"""",""cam_view"":"""",""position"":"""",""slow_motion"":false,""start_time"":-1,""stop_time"":-1,""dive"":"""",""difficulty"":0,""comment"":"""",""score_time"":-1,""exe_score"":"""",""instances"":[{""cam_view"":""side"",""slow_motion"":false,""stop_time"":13,""start_time"":10},{""cam_view"":""front"",""slow_motion"":true,""stop_time"":28,""start_time"":21},{""cam_view"":""top"",""slow_motion"":true,""stop_time"":36,""start_time"":31}]}]",x,
3KI0JD2ZU1VKIL4A6IK1B98A7ME76S,3JEJVC0BACP0ACQ5IL1815R6EAPNK8,Record the start time and stop time of all diving actions in a 1min video,Record the start time and stop time of all diving instances in a ~1min video,"video, segmentation, label",$0.05,Wed Aug 23 14:12:44 PDT 2017,5,BatchId:2916360;OriginalHitTemplateId:920937336;,3600,604800,Wed Aug 30 14:12:44 PDT 2017,,,3ZGVPD4G6UUCRDJMBSPF1NO9DBDTZV,A1LPW6OKC2S4OM,Submitted,Wed Aug 23 19:36:41 PDT 2017,Wed Aug 23 19:40:43 PDT 2017,Wed Aug 30 19:40:43 PDT 2017,,,,242,100% (8/8),100% (8/8),100% (8/8),http://svcl.ucsd.edu/~yingwei/internal/diving_share/firstphase/video_first10/V5parOfpuEQ_033.mp4,"[{""action1"":"""",""action2"":"""",""action3"":"""",""action4"":"""",""athelete_name"":"""",""cam_view"":"""",""position"":"""",""slow_motion"":false,""start_time"":-1,""stop_time"":-1,""dive"":"""",""difficulty"":0,""comment"":"""",""score_time"":-1,""exe_score"":"""",""instances"":[{""cam_view"":""side"",""slow_motion"":false,""stop_time"":13.2,""start_time"":8.75},{""cam_view"":""front"",""slow_motion"":true,""stop_time"":29.75,""start_time"":21.5},{""cam_view"":""top"",""slow_motion"":true,""stop_time"":37.75,""start_time"":31.3},{""cam_view"":""top"",""slow_motion"":true,""stop_time"":37.5,""start_time"":30.3}]}]",x,
3RIHDBQ1NEBJ0DVE67DURIUQBPPHME,3JEJVC0BACP0ACQ5IL1815R6EAPNK8,Record the start time and stop time of all diving actions in a 1min video,Record the start time and stop time of all diving instances in a ~1min video,"video, segmentation, label",$0.05,Wed Aug 23 14:12:44 PDT 2017,5,BatchId:2916360;OriginalHitTemplateId:920937336;,3600,604800,Wed Aug 30 14:12:44 PDT 2017,,,317HQ483I85S1APSESFHSTFRSGNINK,A1KXZAEFL58Z1E,Submitted,Wed Aug 23 18:18:55 PDT 2017,Wed Aug 23 18:22:58 PDT 2017,Wed Aug 30 18:22:58 PDT 2017,,,,243,0% (0/0),0% (0/0),0% (0/0),http://svcl.ucsd.edu/~yingwei/internal/diving_share/firstphase/video_first10/V5parOfpuEQ_050.mp4,"[{""action1"":"""",""action2"":"""",""action3"":"""",""action4"":"""",""athelete_name"":"""",""cam_view"":"""",""position"":"""",""slow_motion"":false,""start_time"":-1,""stop_time"":-1,""dive"":"""",""difficulty"":0,""comment"":"""",""score_time"":-1,""exe_score"":"""",""instances"":[{""cam_view"":""side"",""slow_motion"":false,""stop_time"":13,""start_time"":10},{""cam_view"":""side"",""slow_motion"":true,""stop_time"":37,""start_time"":24},{""cam_view"":""back"",""slow_motion"":false,""stop_time"":44,""start_time"":40}]}]",x,
3RIHDBQ1NEBJ0DVE67DURIUQBPPHME,3JEJVC0BACP0ACQ5IL1815R6EAPNK8,Record the start time and stop time of all diving actions in a 1min video,Record the start time and stop time of all diving instances in a ~1min video,"video, segmentation, label",$0.05,Wed Aug 23 14:12:44 PDT 2017,5,BatchId:2916360;OriginalHitTemplateId:920937336;,3600,604800,Wed Aug 30 14:12:44 PDT 2017,,,345LHZDEDY5Q6XRIQQKG2I5WHUJU3O,A2SWFUEA0QH29B,Submitted,Wed Aug 23 18:30:30 PDT 2017,Wed Aug 23 18:32:45 PDT 2017,Wed Aug 30 18:32:45 PDT 2017,,,,135,0% (0/0),0% (0/0),0% (0/0),http://svcl.ucsd.edu/~yingwei/internal/diving_share/firstphase/video_first10/V5parOfpuEQ_050.mp4,"[{""action1"":"""",""action2"":"""",""action3"":"""",""action4"":"""",""athelete_name"":"""",""cam_view"":"""",""position"":"""",""slow_motion"":false,""start_time"":-1,""stop_time"":-1,""dive"":"""",""difficulty"":0,""comment"":"""",""score_time"":-1,""exe_score"":"""",""instances"":[{""cam_view"":""side"",""slow_motion"":false,""stop_time"":13.84,""start_time"":9.02},{""cam_view"":""side"",""slow_motion"":true,""stop_time"":39.79,""start_time"":23.15},{""cam_view"":""back"",""slow_motion"":true,""stop_time"":45.73,""start_time"":39.79}]}]",x,
3RIHDBQ1NEBJ0DVE67DURIUQBPPHME,3JEJVC0BACP0ACQ5IL1815R6EAPNK8,Record the start time and stop time of all diving actions in a 1min video,Record the start time and stop time of all diving instances in a ~1min video,"video, segmentation, label",$0.05,Wed Aug 23 14:12:44 PDT 2017,5,BatchId:2916360;OriginalHitTemplateId:920937336;,3600,604800,Wed Aug 30 14:12:44 PDT 2017,,,39GHHAVOMG42ADZSE5LL5LOREEK4JQ,AE67FLJJ73P9V,Submitted,Wed Aug 23 19:28:54 PDT 2017,Wed Aug 23 19:31:24 PDT 2017,Wed Aug 30 19:31:24 PDT 2017,,,,150,0% (0/0),0% (0/0),0% (0/0),http://svcl.ucsd.edu/~yingwei/internal/diving_share/firstphase/video_first10/V5parOfpuEQ_050.mp4,"[{""action1"":"""",""action2"":"""",""action3"":"""",""action4"":"""",""athelete_name"":"""",""cam_view"":"""",""position"":"""",""slow_motion"":false,""start_time"":-1,""stop_time"":-1,""dive"":"""",""difficulty"":0,""comment"":"""",""score_time"":-1,""exe_score"":"""",""instances"":[{""cam_view"":""side"",""slow_motion"":false,""stop_time"":13,""start_time"":9},{""cam_view"":""side"",""slow_motion"":true,""stop_time"":38,""start_time"":22},{""cam_view"":""front"",""slow_motion"":true,""stop_time"":43,""start_time"":39}]}]",x,
3RIHDBQ1NEBJ0DVE67DURIUQBPPHME,3JEJVC0BACP0ACQ5IL1815R6EAPNK8,Record the start time and stop time of all diving actions in a 1min video,Record the start time and stop time of all diving instances in a ~1min video,"video, segmentation, label",$0.05,Wed Aug 23 14:12:44 PDT 2017,5,BatchId:2916360;OriginalHitTemplateId:920937336;,3600,604800,Wed Aug 30 14:12:44 PDT 2017,,,3TXD01ZLD5UBOTAMQ4PZCNX2VUCU46,A3OZTRVA24QHP,Submitted,Wed Aug 23 16:36:03 PDT 2017,Wed Aug 23 16:40:28 PDT 2017,Wed Aug 30 16:40:28 PDT 2017,,,,265,0% (0/0),0% (0/0),0% (0/0),http://svcl.ucsd.edu/~yingwei/internal/diving_share/firstphase/video_first10/V5parOfpuEQ_050.mp4,"[{""action1"":"""",""action2"":"""",""action3"":"""",""action4"":"""",""athelete_name"":"""",""cam_view"":"""",""position"":"""",""slow_motion"":false,""start_time"":-1,""stop_time"":-1,""dive"":"""",""difficulty"":0,""comment"":"""",""score_time"":-1,""exe_score"":"""",""instances"":[{""cam_view"":""side"",""slow_motion"":false,""stop_time"":13.66,""start_time"":9.34},{""cam_view"":""side"",""slow_motion"":true,""stop_time"":39.82,""start_time"":23.54},{""cam_view"":""back"",""slow_motion"":false,""stop_time"":43.82,""start_time"":40.27}]}]",x,
3RIHDBQ1NEBJ0DVE67DURIUQBPPHME,3JEJVC0BACP0ACQ5IL1815R6EAPNK8,Record the start time and stop time of all diving actions in a 1min video,Record the start time and stop time of all diving instances in a ~1min video,"video, segmentation, label",$0.05,Wed Aug 23 14:12:44 PDT 2017,5,BatchId:2916360;OriginalHitTemplateId:920937336;,3600,604800,Wed Aug 30 14:12:44 PDT 2017,,,3X4JMASXCNMFT6JF7CL2VUF1PXQB0R,A1VSFVHC6N3FSB,Submitted,Wed Aug 23 16:55:16 PDT 2017,Wed Aug 23 16:56:03 PDT 2017,Wed Aug 30 16:56:03 PDT 2017,,,,47,0% (0/0),0% (0/0),0% (0/0),http://svcl.ucsd.edu/~yingwei/internal/diving_share/firstphase/video_first10/V5parOfpuEQ_050.mp4,"[{""action1"":"""",""action2"":"""",""action3"":"""",""action4"":"""",""athelete_name"":"""",""cam_view"":"""",""position"":"""",""slow_motion"":false,""start_time"":-1,""stop_time"":-1,""dive"":"""",""difficulty"":0,""comment"":"""",""score_time"":-1,""exe_score"":"""",""instances"":[{""cam_view"":""side"",""slow_motion"":true,""stop_time"":12.21,""start_time"":10.34},{""cam_view"":""side"",""slow_motion"":false,""stop_time"":0,""start_time"":0},{""cam_view"":""side"",""slow_motion"":false,""stop_time"":0,""start_time"":0}]}]",,You only label one or less instance which doesn't meet our demand.
3O2Y2UIUCQ74WT45Q5CE9KQ965HKFE,3JEJVC0BACP0ACQ5IL1815R6EAPNK8,Record the start time and stop time of all diving actions in a 1min video,Record the start time and stop time of all diving instances in a ~1min video,"video, segmentation, label",$0.05,Wed Aug 23 14:12:44 PDT 2017,5,BatchId:2916360;OriginalHitTemplateId:920937336;,3600,604800,Wed Aug 30 14:12:44 PDT 2017,,,3C44YUNSI22BWKLJ2TRY5L490QCPDH,A3OZTRVA24QHP,Submitted,Wed Aug 23 16:17:50 PDT 2017,Wed Aug 23 16:19:47 PDT 2017,Wed Aug 30 16:19:47 PDT 2017,,,,117,0% (0/0),0% (0/0),0% (0/0),http://svcl.ucsd.edu/~yingwei/internal/diving_share/firstphase/video_first10/cYkUl8MrXgA_051.mp4,"[{""action1"":"""",""action2"":"""",""action3"":"""",""action4"":"""",""athelete_name"":"""",""cam_view"":"""",""position"":"""",""slow_motion"":false,""start_time"":-1,""stop_time"":-1,""dive"":"""",""difficulty"":0,""comment"":"""",""score_time"":-1,""exe_score"":"""",""instances"":[{""cam_view"":""side"",""slow_motion"":false,""stop_time"":14.98,""start_time"":8.63},{""cam_view"":""side"",""slow_motion"":true,""stop_time"":32.4,""start_time"":22.44},{""cam_view"":""front"",""slow_motion"":true,""stop_time"":39.04,""start_time"":32.89}]}]",x,
3O2Y2UIUCQ74WT45Q5CE9KQ965HKFE,3JEJVC0BACP0ACQ5IL1815R6EAPNK8,Record the start time and stop time of all diving actions in a 1min video,Record the start time and stop time of all diving instances in a ~1min video,"video, segmentation, label",$0.05,Wed Aug 23 14:12:44 PDT 2017,5,BatchId:2916360;OriginalHitTemplateId:920937336;,3600,604800,Wed Aug 30 14:12:44 PDT 2017,,,3DQQ64TANHYA5QLAJOWOX9TU762PWA,A2MDML3SK8F68F,Submitted,Wed Aug 23 14:28:07 PDT 2017,Wed Aug 23 14:30:49 PDT 2017,Wed Aug 30 14:30:49 PDT 2017,,,,162,0% (0/0),0% (0/0),0% (0/0),http://svcl.ucsd.edu/~yingwei/internal/diving_share/firstphase/video_first10/cYkUl8MrXgA_051.mp4,"[{""action1"":"""",""action2"":"""",""action3"":"""",""action4"":"""",""athelete_name"":"""",""cam_view"":"""",""position"":"""",""slow_motion"":false,""start_time"":-1,""stop_time"":-1,""dive"":"""",""difficulty"":0,""comment"":"""",""score_time"":-1,""exe_score"":"""",""instances"":[{""cam_view"":""side"",""slow_motion"":false,""stop_time"":15.27,""start_time"":9.04},{""cam_view"":""side"",""slow_motion"":false,""stop_time"":0,""start_time"":0},{""cam_view"":""side"",""slow_motion"":false,""stop_time"":0,""start_time"":0}]}]",,You only label one or less instance which doesn't meet our demand.
3O2Y2UIUCQ74WT45Q5CE9KQ965HKFE,3JEJVC0BACP0ACQ5IL1815R6EAPNK8,Record the start time and stop time of all diving actions in a 1min video,Record the start time and stop time of all diving instances in a ~1min video,"video, segmentation, label",$0.05,Wed Aug 23 14:12:44 PDT 2017,5,BatchId:2916360;OriginalHitTemplateId:920937336;,3600,604800,Wed Aug 30 14:12:44 PDT 2017,,,3QY5DC2MXSXLM97BALLI3RUTKKQUFZ,AE67FLJJ73P9V,Submitted,Wed Aug 23 19:39:51 PDT 2017,Wed Aug 23 19:41:24 PDT 2017,Wed Aug 30 19:41:24 PDT 2017,,,,93,0% (0/0),0% (0/0),0% (0/0),http://svcl.ucsd.edu/~yingwei/internal/diving_share/firstphase/video_first10/cYkUl8MrXgA_051.mp4,"[{""action1"":"""",""action2"":"""",""action3"":"""",""action4"":"""",""athelete_name"":"""",""cam_view"":"""",""position"":"""",""slow_motion"":false,""start_time"":-1,""stop_time"":-1,""dive"":"""",""difficulty"":0,""comment"":"""",""score_time"":-1,""exe_score"":"""",""instances"":[{""cam_view"":""side"",""slow_motion"":false,""stop_time"":14,""start_time"":10},{""cam_view"":""side"",""slow_motion"":true,""stop_time"":31,""start_time"":23},{""cam_view"":""front"",""slow_motion"":true,""stop_time"":38,""start_time"":34}]}]",x,
3O2Y2UIUCQ74WT45Q5CE9KQ965HKFE,3JEJVC0BACP0ACQ5IL1815R6EAPNK8,Record the start time and stop time of all diving actions in a 1min video,Record the start time and stop time of all diving instances in a ~1min video,"video, segmentation, label",$0.05,Wed Aug 23 14:12:44 PDT 2017,5,BatchId:2916360;OriginalHitTemplateId:920937336;,3600,604800,Wed Aug 30 14:12:44 PDT 2017,,,3UJ1CZ6IZI2D5ZMIF4D92ELSATO5S8,A1VSFVHC6N3FSB,Submitted,Wed Aug 23 17:16:37 PDT 2017,Wed Aug 23 17:17:24 PDT 2017,Wed Aug 30 17:17:24 PDT 2017,,,,47,0% (0/0),0% (0/0),0% (0/0),http://svcl.ucsd.edu/~yingwei/internal/diving_share/firstphase/video_first10/cYkUl8MrXgA_051.mp4,"[{""action1"":"""",""action2"":"""",""action3"":"""",""action4"":"""",""athelete_name"":"""",""cam_view"":"""",""position"":"""",""slow_motion"":false,""start_time"":-1,""stop_time"":-1,""dive"":"""",""difficulty"":0,""comment"":"""",""score_time"":-1,""exe_score"":"""",""instances"":[{""cam_view"":""side"",""slow_motion"":true,""stop_time"":1353,""start_time"":11.87},{""cam_view"":""side"",""slow_motion"":false,""stop_time"":0,""start_time"":0},{""cam_view"":""side"",""slow_motion"":false,""stop_time"":0,""start_time"":0}]}]",,You only label one or less instance which doesn't meet our demand.
3O2Y2UIUCQ74WT45Q5CE9KQ965HKFE,3JEJVC0BACP0ACQ5IL1815R6EAPNK8,Record the start time and stop time of all diving actions in a 1min video,Record the start time and stop time of all diving instances in a ~1min video,"video, segmentation, label",$0.05,Wed Aug 23 14:12:44 PDT 2017,5,BatchId:2916360;OriginalHitTemplateId:920937336;,3600,604800,Wed Aug 30 14:12:44 PDT 2017,,,3VP0C6EFSH96Q89R0QRSIB0MEZK6MG,A1KXZAEFL58Z1E,Submitted,Wed Aug 23 19:22:13 PDT 2017,Wed Aug 23 19:26:13 PDT 2017,Wed Aug 30 19:26:13 PDT 2017,,,,240,0% (0/0),0% (0/0),0% (0/0),http://svcl.ucsd.edu/~yingwei/internal/diving_share/firstphase/video_first10/cYkUl8MrXgA_051.mp4,"[{""action1"":"""",""action2"":"""",""action3"":"""",""action4"":"""",""athelete_name"":"""",""cam_view"":"""",""position"":"""",""slow_motion"":false,""start_time"":-1,""stop_time"":-1,""dive"":"""",""difficulty"":0,""comment"":"""",""score_time"":-1,""exe_score"":"""",""instances"":[{""cam_view"":""side"",""slow_motion"":false,""stop_time"":14,""start_time"":10},{""cam_view"":""side"",""slow_motion"":true,""stop_time"":30,""start_time"":22},{""cam_view"":""front"",""slow_motion"":false,""stop_time"":38,""start_time"":33}]}]",x,
3PKVGQTFIHXWJOYVLFDZZHJ3781RYB,3JEJVC0BACP0ACQ5IL1815R6EAPNK8,Record the start time and stop time of all diving actions in a 1min video,Record the start time and stop time of all diving instances in a ~1min video,"video, segmentation, label",$0.05,Wed Aug 23 14:12:44 PDT 2017,5,BatchId:2916360;OriginalHitTemplateId:920937336;,3600,604800,Wed Aug 30 14:12:44 PDT 2017,,,37UQDCYH6Y88KVH5XSXBBLJV03GV7L,AE67FLJJ73P9V,Submitted,Wed Aug 23 19:51:10 PDT 2017,Wed Aug 23 19:53:19 PDT 2017,Wed Aug 30 19:53:19 PDT 2017,,,,129,0% (0/0),0% (0/0),0% (0/0),http://svcl.ucsd.edu/~yingwei/internal/diving_share/firstphase/video_first10/Y4ARBzok9aU_020.mp4,"[{""action1"":"""",""action2"":"""",""action3"":"""",""action4"":"""",""athelete_name"":"""",""cam_view"":"""",""position"":"""",""slow_motion"":false,""start_time"":-1,""stop_time"":-1,""dive"":"""",""difficulty"":0,""comment"":"""",""score_time"":-1,""exe_score"":"""",""instances"":[{""cam_view"":""side"",""slow_motion"":false,""stop_time"":10,""start_time"":7},{""cam_view"":""side"",""slow_motion"":true,""stop_time"":27,""start_time"":20},{""cam_view"":""back"",""slow_motion"":true,""stop_time"":35,""start_time"":30}]}]",x,
3PKVGQTFIHXWJOYVLFDZZHJ3781RYB,3JEJVC0BACP0ACQ5IL1815R6EAPNK8,Record the start time and stop time of all diving actions in a 1min video,Record the start time and stop time of all diving instances in a ~1min video,"video, segmentation, label",$0.05,Wed Aug 23 14:12:44 PDT 2017,5,BatchId:2916360;OriginalHitTemplateId:920937336;,3600,604800,Wed Aug 30 14:12:44 PDT 2017,,,3C44YUNSI22BWKLJ2TRY5L490QEPDJ,A1VSFVHC6N3FSB,Submitted,Wed Aug 23 17:02:09 PDT 2017,Wed Aug 23 17:02:55 PDT 2017,Wed Aug 30 17:02:55 PDT 2017,,,,46,0% (0/0),0% (0/0),0% (0/0),http://svcl.ucsd.edu/~yingwei/internal/diving_share/firstphase/video_first10/Y4ARBzok9aU_020.mp4,"[{""action1"":"""",""action2"":"""",""action3"":"""",""action4"":"""",""athelete_name"":"""",""cam_view"":"""",""position"":"""",""slow_motion"":false,""start_time"":-1,""stop_time"":-1,""dive"":"""",""difficulty"":0,""comment"":"""",""score_time"":-1,""exe_score"":"""",""instances"":[{""cam_view"":""front"",""slow_motion"":true,""stop_time"":9.48,""start_time"":7.84},{""cam_view"":""side"",""slow_motion"":false,""stop_time"":0,""start_time"":0},{""cam_view"":""side"",""slow_motion"":false,""stop_time"":0,""start_time"":0}]}]",,You only label one or less instance which doesn't meet our demand.
3PKVGQTFIHXWJOYVLFDZZHJ3781RYB,3JEJVC0BACP0ACQ5IL1815R6EAPNK8,Record the start time and stop time of all diving actions in a 1min video,Record the start time and stop time of all diving instances in a ~1min video,"video, segmentation, label",$0.05,Wed Aug 23 14:12:44 PDT 2017,5,BatchId:2916360;OriginalHitTemplateId:920937336;,3600,604800,Wed Aug 30 14:12:44 PDT 2017,,,3GLB5JMZFY85J7SKZA1BBCQHZZTDG5,A34GCR8HT5VWLO,Submitted,Wed Aug 23 18:12:26 PDT 2017,Wed Aug 23 18:14:19 PDT 2017,Wed Aug 30 18:14:19 PDT 2017,,,,113,0% (0/0),0% (0/0),0% (0/0),http://svcl.ucsd.edu/~yingwei/internal/diving_share/firstphase/video_first10/Y4ARBzok9aU_020.mp4,"[{""action1"":"""",""action2"":"""",""action3"":"""",""action4"":"""",""athelete_name"":"""",""cam_view"":"""",""position"":"""",""slow_motion"":false,""start_time"":-1,""stop_time"":-1,""dive"":"""",""difficulty"":0,""comment"":"""",""score_time"":-1,""exe_score"":"""",""instances"":[{""cam_view"":""side"",""slow_motion"":false,""stop_time"":10.89,""start_time"":5.53},{""cam_view"":""side"",""slow_motion"":true,""stop_time"":28.76,""start_time"":19.98},{""cam_view"":""front"",""slow_motion"":true,""stop_time"":36.3,""start_time"":30.88}]}]",x,
3PKVGQTFIHXWJOYVLFDZZHJ3781RYB,3JEJVC0BACP0ACQ5IL1815R6EAPNK8,Record the start time and stop time of all diving actions in a 1min video,Record the start time and stop time of all diving instances in a ~1min video,"video, segmentation, label",$0.05,Wed Aug 23 14:12:44 PDT 2017,5,BatchId:2916360;OriginalHitTemplateId:920937336;,3600,604800,Wed Aug 30 14:12:44 PDT 2017,,,3N4BPTXIO95W2VZPBWCFJ4MYSG4UKY,A2SWFUEA0QH29B,Submitted,Wed Aug 23 17:49:39 PDT 2017,Wed Aug 23 17:52:42 PDT 2017,Wed Aug 30 17:52:42 PDT 2017,,,,183,0% (0/0),0% (0/0),0% (0/0),http://svcl.ucsd.edu/~yingwei/internal/diving_share/firstphase/video_first10/Y4ARBzok9aU_020.mp4,"[{""action1"":"""",""action2"":"""",""action3"":"""",""action4"":"""",""athelete_name"":"""",""cam_view"":"""",""position"":"""",""slow_motion"":false,""start_time"":-1,""stop_time"":-1,""dive"":"""",""difficulty"":0,""comment"":"""",""score_time"":-1,""exe_score"":"""",""instances"":[{""cam_view"":""side"",""slow_motion"":false,""stop_time"":10.65,""start_time"":6.37},{""cam_view"":""side"",""slow_motion"":true,""stop_time"":29.21,""start_time"":19.74},{""cam_view"":""front"",""slow_motion"":true,""stop_time"":36.35,""start_time"":30.16}]}]",x,
3PKVGQTFIHXWJOYVLFDZZHJ3781RYB,3JEJVC0BACP0ACQ5IL1815R6EAPNK8,Record the start time and stop time of all diving actions in a 1min video,Record the start time and stop time of all diving instances in a ~1min video,"video, segmentation, label",$0.05,Wed Aug 23 14:12:44 PDT 2017,5,BatchId:2916360;OriginalHitTemplateId:920937336;,3600,604800,Wed Aug 30 14:12:44 PDT 2017,,,3R08VXYT7D8LZKHAN227XN297CJ7W8,A1D5JBBBO1D1FI,Submitted,Wed Aug 23 19:53:02 PDT 2017,Wed Aug 23 19:55:52 PDT 2017,Wed Aug 30 19:55:52 PDT 2017,,,,170,0% (0/0),0% (0/0),0% (0/0),http://svcl.ucsd.edu/~yingwei/internal/diving_share/firstphase/video_first10/Y4ARBzok9aU_020.mp4,"[{""action1"":"""",""action2"":"""",""action3"":"""",""action4"":"""",""athelete_name"":"""",""cam_view"":"""",""position"":"""",""slow_motion"":false,""start_time"":-1,""stop_time"":-1,""dive"":"""",""difficulty"":0,""comment"":"""",""score_time"":-1,""exe_score"":"""",""instances"":[{""cam_view"":""side"",""slow_motion"":false,""stop_time"":10.66,""start_time"":7.36},{""cam_view"":""side"",""slow_motion"":true,""stop_time"":28.56,""start_time"":20.2},{""cam_view"":""front"",""slow_motion"":true,""stop_time"":35.37,""start_time"":30.89}]}]",x,
375VSR8FVWMWOE80H1FIDOS5D25RZ2,3JEJVC0BACP0ACQ5IL1815R6EAPNK8,Record the start time and stop time of all diving actions in a 1min video,Record the start time and stop time of all diving instances in a ~1min video,"video, segmentation, label",$0.05,Wed Aug 23 14:12:44 PDT 2017,5,BatchId:2916360;OriginalHitTemplateId:920937336;,3600,604800,Wed Aug 30 14:12:44 PDT 2017,,,30X31N5D643AB5YZA04QAP1E27SASM,AE67FLJJ73P9V,Submitted,Wed Aug 23 19:15:19 PDT 2017,Wed Aug 23 19:19:20 PDT 2017,Wed Aug 30 19:19:20 PDT 2017,,,,241,0% (0/0),0% (0/0),0% (0/0),http://svcl.ucsd.edu/~yingwei/internal/diving_share/firstphase/video_first10/ZAmJsIcfFOA_000.mp4,"[{""action1"":"""",""action2"":"""",""action3"":"""",""action4"":"""",""athelete_name"":"""",""cam_view"":"""",""position"":"""",""slow_motion"":false,""start_time"":-1,""stop_time"":-1,""dive"":"""",""difficulty"":0,""comment"":"""",""score_time"":-1,""exe_score"":"""",""instances"":[{""cam_view"":""side"",""slow_motion"":false,""stop_time"":15,""start_time"":13},{""cam_view"":""side"",""slow_motion"":true,""stop_time"":33,""start_time"":27},{""cam_view"":""top"",""slow_motion"":true,""stop_time"":40,""start_time"":34}]}]",x,
375VSR8FVWMWOE80H1FIDOS5D25RZ2,3JEJVC0BACP0ACQ5IL1815R6EAPNK8,Record the start time and stop time of all diving actions in a 1min video,Record the start time and stop time of all diving instances in a ~1min video,"video, segmentation, label",$0.05,Wed Aug 23 14:12:44 PDT 2017,5,BatchId:2916360;OriginalHitTemplateId:920937336;,3600,604800,Wed Aug 30 14:12:44 PDT 2017,,,3IRIK4HM3BXTHMX0N1XEFFVAKLF6CX,A1KXZAEFL58Z1E,Submitted,Wed Aug 23 18:49:33 PDT 2017,Wed Aug 23 18:53:35 PDT 2017,Wed Aug 30 18:53:35 PDT 2017,,,,242,0% (0/0),0% (0/0),0% (0/0),http://svcl.ucsd.edu/~yingwei/internal/diving_share/firstphase/video_first10/ZAmJsIcfFOA_000.mp4,"[{""action1"":"""",""action2"":"""",""action3"":"""",""action4"":"""",""athelete_name"":"""",""cam_view"":"""",""position"":"""",""slow_motion"":false,""start_time"":-1,""stop_time"":-1,""dive"":"""",""difficulty"":0,""comment"":"""",""score_time"":-1,""exe_score"":"""",""instances"":[{""cam_view"":""side"",""slow_motion"":false,""stop_time"":15,""start_time"":13},{""cam_view"":""side"",""slow_motion"":true,""stop_time"":33,""start_time"":27},{""cam_view"":""top"",""slow_motion"":true,""stop_time"":39,""start_time"":35}]}]",x,
375VSR8FVWMWOE80H1FIDOS5D25RZ2,3JEJVC0BACP0ACQ5IL1815R6EAPNK8,Record the start time and stop time of all diving actions in a 1min video,Record the start time and stop time of all diving instances in a ~1min video,"video, segmentation, label",$0.05,Wed Aug 23 14:12:44 PDT 2017,5,BatchId:2916360;OriginalHitTemplateId:920937336;,3600,604800,Wed Aug 30 14:12:44 PDT 2017,,,3N8OEVH1FS3KFH07D2SZRFBIUZUOO3,A2Z4BUU0TCEO4Q,Submitted,Wed Aug 23 20:29:03 PDT 2017,Wed Aug 23 20:34:16 PDT 2017,Wed Aug 30 20:34:16 PDT 2017,,,,313,0% (0/0),0% (0/0),0% (0/0),http://svcl.ucsd.edu/~yingwei/internal/diving_share/firstphase/video_first10/ZAmJsIcfFOA_000.mp4,"[{""action1"":"""",""action2"":"""",""action3"":"""",""action4"":"""",""athelete_name"":"""",""cam_view"":"""",""position"":"""",""slow_motion"":false,""start_time"":-1,""stop_time"":-1,""dive"":"""",""difficulty"":0,""comment"":"""",""score_time"":-1,""exe_score"":"""",""instances"":[{""cam_view"":""side"",""slow_motion"":false,""stop_time"":15.11,""start_time"":13.55},{""cam_view"":""side"",""slow_motion"":false,""stop_time"":33.21,""start_time"":27.83},{""cam_view"":""side"",""slow_motion"":false,""stop_time"":0,""start_time"":0}]}]",x,
375VSR8FVWMWOE80H1FIDOS5D25RZ2,3JEJVC0BACP0ACQ5IL1815R6EAPNK8,Record the start time and stop time of all diving actions in a 1min video,Record the start time and stop time of all diving instances in a ~1min video,"video, segmentation, label",$0.05,Wed Aug 23 14:12:44 PDT 2017,5,BatchId:2916360;OriginalHitTemplateId:920937336;,3600,604800,Wed Aug 30 14:12:44 PDT 2017,,,3NPI0JQDAPIID9HGOJRDAPMV3C7TPB,A2SWFUEA0QH29B,Submitted,Wed Aug 23 20:17:52 PDT 2017,Wed Aug 23 20:19:34 PDT 2017,Wed Aug 30 20:19:34 PDT 2017,,,,102,0% (0/0),0% (0/0),0% (0/0),http://svcl.ucsd.edu/~yingwei/internal/diving_share/firstphase/video_first10/ZAmJsIcfFOA_000.mp4,"[{""action1"":"""",""action2"":"""",""action3"":"""",""action4"":"""",""athelete_name"":"""",""cam_view"":"""",""position"":"""",""slow_motion"":false,""start_time"":-1,""stop_time"":-1,""dive"":"""",""difficulty"":0,""comment"":"""",""score_time"":-1,""exe_score"":"""",""instances"":[{""cam_view"":""side"",""slow_motion"":false,""stop_time"":16.11,""start_time"":9.68},{""cam_view"":""side"",""slow_motion"":true,""stop_time"":34.39,""start_time"":26.32},{""cam_view"":""top"",""slow_motion"":true,""stop_time"":40.83,""start_time"":34.67}]}]",x,
375VSR8FVWMWOE80H1FIDOS5D25RZ2,3JEJVC0BACP0ACQ5IL1815R6EAPNK8,Record the start time and stop time of all diving actions in a 1min video,Record the start time and stop time of all diving instances in a ~1min video,"video, segmentation, label",$0.05,Wed Aug 23 14:12:44 PDT 2017,5,BatchId:2916360;OriginalHitTemplateId:920937336;,3600,604800,Wed Aug 30 14:12:44 PDT 2017,,,3OUYGIZWR8BHX0KPQH33QEKQ6160P2,A1VSFVHC6N3FSB,Submitted,Wed Aug 23 17:17:25 PDT 2017,Wed Aug 23 17:18:00 PDT 2017,Wed Aug 30 17:18:00 PDT 2017,,,,35,0% (0/0),0% (0/0),0% (0/0),http://svcl.ucsd.edu/~yingwei/internal/diving_share/firstphase/video_first10/ZAmJsIcfFOA_000.mp4,"[{""action1"":"""",""action2"":"""",""action3"":"""",""action4"":"""",""athelete_name"":"""",""cam_view"":"""",""position"":"""",""slow_motion"":false,""start_time"":-1,""stop_time"":-1,""dive"":"""",""difficulty"":0,""comment"":"""",""score_time"":-1,""exe_score"":"""",""instances"":[{""cam_view"":""side"",""slow_motion"":true,""stop_time"":14.95,""start_time"":13.48},{""cam_view"":""side"",""slow_motion"":false,""stop_time"":0,""start_time"":0},{""cam_view"":""side"",""slow_motion"":false,""stop_time"":0,""start_time"":0}]}]",,You only label one or less instance which doesn't meet our demand.
3GKAWYFRAP6890NPCRMWH19NO27PD9,3JEJVC0BACP0ACQ5IL1815R6EAPNK8,Record the start time and stop time of all diving actions in a 1min video,Record the start time and stop time of all diving instances in a ~1min video,"video, segmentation, label",$0.05,Wed Aug 23 14:12:44 PDT 2017,5,BatchId:2916360;OriginalHitTemplateId:920937336;,3600,604800,Wed Aug 30 14:12:44 PDT 2017,,,31IBVUNM9TCLZOWBFBVNZDWCYRWVFM,A1VSFVHC6N3FSB,Submitted,Wed Aug 23 17:24:16 PDT 2017,Wed Aug 23 17:25:05 PDT 2017,Wed Aug 30 17:25:05 PDT 2017,,,,49,0% (0/0),0% (0/0),0% (0/0),http://svcl.ucsd.edu/~yingwei/internal/diving_share/firstphase/video_first10/LNMISxO35S0_048.mp4,"[{""action1"":"""",""action2"":"""",""action3"":"""",""action4"":"""",""athelete_name"":"""",""cam_view"":"""",""position"":"""",""slow_motion"":false,""start_time"":-1,""stop_time"":-1,""dive"":"""",""difficulty"":0,""comment"":"""",""score_time"":-1,""exe_score"":"""",""instances"":[{""cam_view"":""side"",""slow_motion"":true,""stop_time"":14.9,""start_time"":13.35},{""cam_view"":""side"",""slow_motion"":false,""stop_time"":0,""start_time"":0},{""cam_view"":""side"",""slow_motion"":false,""stop_time"":0,""start_time"":0}]}]",,You only label one or less instance which doesn't meet our demand.
3GKAWYFRAP6890NPCRMWH19NO27PD9,3JEJVC0BACP0ACQ5IL1815R6EAPNK8,Record the start time and stop time of all diving actions in a 1min video,Record the start time and stop time of all diving instances in a ~1min video,"video, segmentation, label",$0.05,Wed Aug 23 14:12:44 PDT 2017,5,BatchId:2916360;OriginalHitTemplateId:920937336;,3600,604800,Wed Aug 30 14:12:44 PDT 2017,,,3E47SOBEYR99A6S1P263CILFTCCIC5,AE67FLJJ73P9V,Submitted,Wed Aug 23 19:53:19 PDT 2017,Wed Aug 23 19:54:56 PDT 2017,Wed Aug 30 19:54:56 PDT 2017,,,,97,0% (0/0),0% (0/0),0% (0/0),http://svcl.ucsd.edu/~yingwei/internal/diving_share/firstphase/video_first10/LNMISxO35S0_048.mp4,"[{""action1"":"""",""action2"":"""",""action3"":"""",""action4"":"""",""athelete_name"":"""",""cam_view"":"""",""position"":"""",""slow_motion"":false,""start_time"":-1,""stop_time"":-1,""dive"":"""",""difficulty"":0,""comment"":"""",""score_time"":-1,""exe_score"":"""",""instances"":[{""cam_view"":""side"",""slow_motion"":false,""stop_time"":15,""start_time"":13},{""cam_view"":""front"",""slow_motion"":true,""stop_time"":30,""start_time"":25},{""cam_view"":""side"",""slow_motion"":true,""stop_time"":37,""start_time"":31}]}]",x,
3GKAWYFRAP6890NPCRMWH19NO27PD9,3JEJVC0BACP0ACQ5IL1815R6EAPNK8,Record the start time and stop time of all diving actions in a 1min video,Record the start time and stop time of all diving instances in a ~1min video,"video, segmentation, label",$0.05,Wed Aug 23 14:12:44 PDT 2017,5,BatchId:2916360;OriginalHitTemplateId:920937336;,3600,604800,Wed Aug 30 14:12:44 PDT 2017,,,3ITXP059PXWLCY1346H33O4XSUJSJH,A34GCR8HT5VWLO,Submitted,Wed Aug 23 17:47:29 PDT 2017,Wed Aug 23 17:58:22 PDT 2017,Wed Aug 30 17:58:22 PDT 2017,,,,653,0% (0/0),0% (0/0),0% (0/0),http://svcl.ucsd.edu/~yingwei/internal/diving_share/firstphase/video_first10/LNMISxO35S0_048.mp4,"[{""action1"":"""",""action2"":"""",""action3"":"""",""action4"":"""",""athelete_name"":"""",""cam_view"":"""",""position"":"""",""slow_motion"":false,""start_time"":-1,""stop_time"":-1,""dive"":"""",""difficulty"":0,""comment"":"""",""score_time"":-1,""exe_score"":"""",""instances"":[{""cam_view"":""side"",""slow_motion"":false,""stop_time"":15.81,""start_time"":11.54},{""cam_view"":""front"",""slow_motion"":true,""stop_time"":30.11,""start_time"":25.6},{""cam_view"":""side"",""slow_motion"":true,""stop_time"":38.41,""start_time"":31.17},{""cam_view"":""side"",""slow_motion"":false,""stop_time"":70.86,""start_time"":56.59},{""cam_view"":""front"",""slow_motion"":true,""stop_time"":86.63,""start_time"":80.44},{""cam_view"":""side"",""slow_motion"":true,""stop_time"":94.3,""start_time"":86.63}]}]",,You only label one or less instance which doesn't meet our demand.
3GKAWYFRAP6890NPCRMWH19NO27PD9,3JEJVC0BACP0ACQ5IL1815R6EAPNK8,Record the start time and stop time of all diving actions in a 1min video,Record the start time and stop time of all diving instances in a ~1min video,"video, segmentation, label",$0.05,Wed Aug 23 14:12:44 PDT 2017,5,BatchId:2916360;OriginalHitTemplateId:920937336;,3600,604800,Wed Aug 30 14:12:44 PDT 2017,,,3VNL7UK1XGW6MWSMAGV8YV8R162TFQ,A1KXZAEFL58Z1E,Submitted,Wed Aug 23 15:19:31 PDT 2017,Wed Aug 23 15:26:43 PDT 2017,Wed Aug 30 15:26:43 PDT 2017,,,,432,0% (0/0),0% (0/0),0% (0/0),http://svcl.ucsd.edu/~yingwei/internal/diving_share/firstphase/video_first10/LNMISxO35S0_048.mp4,"[{""action1"":"""",""action2"":"""",""action3"":"""",""action4"":"""",""athelete_name"":"""",""cam_view"":"""",""position"":"""",""slow_motion"":false,""start_time"":-1,""stop_time"":-1,""dive"":"""",""difficulty"":0,""comment"":"""",""score_time"":-1,""exe_score"":"""",""instances"":[{""cam_view"":""side"",""slow_motion"":false,""stop_time"":15,""start_time"":11},{""cam_view"":""side"",""slow_motion"":false,""stop_time"":30,""start_time"":25},{""cam_view"":""side"",""slow_motion"":true,""stop_time"":37,""start_time"":31},{""cam_view"":""side"",""slow_motion"":false,""stop_time"":70,""start_time"":66}]}]",x,
3GKAWYFRAP6890NPCRMWH19NO27PD9,3JEJVC0BACP0ACQ5IL1815R6EAPNK8,Record the start time and stop time of all diving actions in a 1min video,Record the start time and stop time of all diving instances in a ~1min video,"video, segmentation, label",$0.05,Wed Aug 23 14:12:44 PDT 2017,5,BatchId:2916360;OriginalHitTemplateId:920937336;,3600,604800,Wed Aug 30 14:12:44 PDT 2017,,,3VZLGYJEYMNJ8US6G2QCQQ9FQ7SZXB,A2UZO6E7D6NLT1,Submitted,Wed Aug 23 15:49:48 PDT 2017,Wed Aug 23 15:54:45 PDT 2017,Wed Aug 30 15:54:45 PDT 2017,,,,297,0% (0/0),0% (0/0),0% (0/0),http://svcl.ucsd.edu/~yingwei/internal/diving_share/firstphase/video_first10/LNMISxO35S0_048.mp4,"[{""action1"":"""",""action2"":"""",""action3"":"""",""action4"":"""",""athelete_name"":"""",""cam_view"":"""",""position"":"""",""slow_motion"":false,""start_time"":-1,""stop_time"":-1,""dive"":"""",""difficulty"":0,""comment"":"""",""score_time"":-1,""exe_score"":"""",""instances"":[{""cam_view"":""side"",""slow_motion"":false,""stop_time"":22.41,""start_time"":16.13},{""cam_view"":""side"",""slow_motion"":false,""stop_time"":77.31,""start_time"":69.77},{""cam_view"":""side"",""slow_motion"":false,""stop_time"":0,""start_time"":0}]},{""action1"":"""",""action2"":"""",""action3"":"""",""action4"":"""",""athelete_name"":"""",""cam_view"":"""",""position"":"""",""slow_motion"":false,""start_time"":-1,""stop_time"":-1,""dive"":"""",""difficulty"":0,""comment"":"""",""score_time"":-1,""exe_score"":"""",""instances"":[{""cam_view"":""side"",""slow_motion"":false,""stop_time"":22.41,""start_time"":16.13},{""cam_view"":""side"",""slow_motion"":false,""stop_time"":77.31,""start_time"":69.77},{""cam_view"":""side"",""slow_motion"":false,""stop_time"":0,""start_time"":0}]}]",x,
3MNJFORX8BH1EAJ2JI887V7R9FMF5O,3JEJVC0BACP0ACQ5IL1815R6EAPNK8,Record the start time and stop time of all diving actions in a 1min video,Record the start time and stop time of all diving instances in a ~1min video,"video, segmentation, label",$0.05,Wed Aug 23 14:12:44 PDT 2017,5,BatchId:2916360;OriginalHitTemplateId:920937336;,3600,604800,Wed Aug 30 14:12:44 PDT 2017,,,3AQF3RZ559V0KYHAE3NFNLGDHY46F5,A1KRCT93LFL2YY,Submitted,Wed Aug 23 16:36:38 PDT 2017,Wed Aug 23 16:38:14 PDT 2017,Wed Aug 30 16:38:14 PDT 2017,,,,96,0% (0/0),0% (0/0),0% (0/0),http://svcl.ucsd.edu/~yingwei/internal/diving_share/firstphase/video_first10/qD3IMtAanSg_016.mp4,"[{""action1"":"""",""action2"":"""",""action3"":"""",""action4"":"""",""athelete_name"":"""",""cam_view"":"""",""position"":"""",""slow_motion"":false,""start_time"":-1,""stop_time"":-1,""dive"":"""",""difficulty"":0,""comment"":"""",""score_time"":-1,""exe_score"":"""",""instances"":[{""cam_view"":""side"",""slow_motion"":false,""stop_time"":34.85,""start_time"":30.83},{""cam_view"":""side"",""slow_motion"":true,""stop_time"":52.12,""start_time"":44.21},{""cam_view"":""front"",""slow_motion"":false,""stop_time"":58.55,""start_time"":54.34}]}]",x,
3MNJFORX8BH1EAJ2JI887V7R9FMF5O,3JEJVC0BACP0ACQ5IL1815R6EAPNK8,Record the start time and stop time of all diving actions in a 1min video,Record the start time and stop time of all diving instances in a ~1min video,"video, segmentation, label",$0.05,Wed Aug 23 14:12:44 PDT 2017,5,BatchId:2916360;OriginalHitTemplateId:920937336;,3600,604800,Wed Aug 30 14:12:44 PDT 2017,,,3C2NJ6JBKBUOQPBQPPUP5D8A3KRN2F,A1KXZAEFL58Z1E,Submitted,Wed Aug 23 19:01:52 PDT 2017,Wed Aug 23 19:04:48 PDT 2017,Wed Aug 30 19:04:48 PDT 2017,,,,176,0% (0/0),0% (0/0),0% (0/0),http://svcl.ucsd.edu/~yingwei/internal/diving_share/firstphase/video_first10/qD3IMtAanSg_016.mp4,"[{""action1"":"""",""action2"":"""",""action3"":"""",""action4"":"""",""athelete_name"":"""",""cam_view"":"""",""position"":"""",""slow_motion"":false,""start_time"":-1,""stop_time"":-1,""dive"":"""",""difficulty"":0,""comment"":"""",""score_time"":-1,""exe_score"":"""",""instances"":[{""cam_view"":""side"",""slow_motion"":false,""stop_time"":35,""start_time"":32},{""cam_view"":""side"",""slow_motion"":true,""stop_time"":51,""start_time"":44},{""cam_view"":""front"",""slow_motion"":false,""stop_time"":58,""start_time"":54}]}]",x,
3MNJFORX8BH1EAJ2JI887V7R9FMF5O,3JEJVC0BACP0ACQ5IL1815R6EAPNK8,Record the start time and stop time of all diving actions in a 1min video,Record the start time and stop time of all diving instances in a ~1min video,"video, segmentation, label",$0.05,Wed Aug 23 14:12:44 PDT 2017,5,BatchId:2916360;OriginalHitTemplateId:920937336;,3600,604800,Wed Aug 30 14:12:44 PDT 2017,,,3EF8EXOTT28LIE29RN2J7NHO2U11J1,A3OZTRVA24QHP,Submitted,Wed Aug 23 15:47:51 PDT 2017,Wed Aug 23 15:48:42 PDT 2017,Wed Aug 30 15:48:42 PDT 2017,,,,51,0% (0/0),0% (0/0),0% (0/0),http://svcl.ucsd.edu/~yingwei/internal/diving_share/firstphase/video_first10/qD3IMtAanSg_016.mp4,"[{""action1"":"""",""action2"":"""",""action3"":"""",""action4"":"""",""athelete_name"":"""",""cam_view"":"""",""position"":"""",""slow_motion"":false,""start_time"":-1,""stop_time"":-1,""dive"":"""",""difficulty"":0,""comment"":"""",""score_time"":-1,""exe_score"":"""",""instances"":[{""cam_view"":""side"",""slow_motion"":false,""stop_time"":35.51,""start_time"":31.51},{""cam_view"":""side"",""slow_motion"":false,""stop_time"":0,""start_time"":0},{""cam_view"":""side"",""slow_motion"":false,""stop_time"":0,""start_time"":0}]}]",x,
3MNJFORX8BH1EAJ2JI887V7R9FMF5O,3JEJVC0BACP0ACQ5IL1815R6EAPNK8,Record the start time and stop time of all diving actions in a 1min video,Record the start time and stop time of all diving instances in a ~1min video,"video, segmentation, label",$0.05,Wed Aug 23 14:12:44 PDT 2017,5,BatchId:2916360;OriginalHitTemplateId:920937336;,3600,604800,Wed Aug 30 14:12:44 PDT 2017,,,3KB8R4ZV1FKC4AU0LEA5GM2HWEHBGW,A1JX27PY35GDFR,Submitted,Wed Aug 23 18:20:49 PDT 2017,Wed Aug 23 18:22:59 PDT 2017,Wed Aug 30 18:22:59 PDT 2017,,,,130,0% (0/0),0% (0/0),0% (0/0),http://svcl.ucsd.edu/~yingwei/internal/diving_share/firstphase/video_first10/qD3IMtAanSg_016.mp4,"[{""action1"":"""",""action2"":"""",""action3"":"""",""action4"":"""",""athelete_name"":"""",""cam_view"":"""",""position"":"""",""slow_motion"":false,""start_time"":-1,""stop_time"":-1,""dive"":"""",""difficulty"":0,""comment"":"""",""score_time"":-1,""exe_score"":"""",""instances"":[{""cam_view"":""side"",""slow_motion"":false,""stop_time"":36.07,""start_time"":32.25},{""cam_view"":""side"",""slow_motion"":true,""stop_time"":52.23,""start_time"":44.2},{""cam_view"":""front"",""slow_motion"":true,""stop_time"":58,""start_time"":55.07}]}]",x,
3MNJFORX8BH1EAJ2JI887V7R9FMF5O,3JEJVC0BACP0ACQ5IL1815R6EAPNK8,Record the start time and stop time of all diving actions in a 1min video,Record the start time and stop time of all diving instances in a ~1min video,"video, segmentation, label",$0.05,Wed Aug 23 14:12:44 PDT 2017,5,BatchId:2916360;OriginalHitTemplateId:920937336;,3600,604800,Wed Aug 30 14:12:44 PDT 2017,,,3U4J9857OFOTBHJZSB6BA9POXBX7BO,A1VSFVHC6N3FSB,Submitted,Wed Aug 23 17:11:40 PDT 2017,Wed Aug 23 17:12:46 PDT 2017,Wed Aug 30 17:12:46 PDT 2017,,,,66,0% (0/0),0% (0/0),0% (0/0),http://svcl.ucsd.edu/~yingwei/internal/diving_share/firstphase/video_first10/qD3IMtAanSg_016.mp4,"[{""action1"":"""",""action2"":"""",""action3"":"""",""action4"":"""",""athelete_name"":"""",""cam_view"":"""",""position"":"""",""slow_motion"":false,""start_time"":-1,""stop_time"":-1,""dive"":"""",""difficulty"":0,""comment"":"""",""score_time"":-1,""exe_score"":"""",""instances"":[{""cam_view"":""side"",""slow_motion"":false,""stop_time"":34.26,""start_time"":32.32},{""cam_view"":""side"",""slow_motion"":false,""stop_time"":0,""start_time"":0},{""cam_view"":""side"",""slow_motion"":false,""stop_time"":0,""start_time"":0}]}]",x,
3KL228NDMVZAAT001PIWR5QL7KHKGD,3JEJVC0BACP0ACQ5IL1815R6EAPNK8,Record the start time and stop time of all diving actions in a 1min video,Record the start time and stop time of all diving instances in a ~1min video,"video, segmentation, label",$0.05,Wed Aug 23 14:12:44 PDT 2017,5,BatchId:2916360;OriginalHitTemplateId:920937336;,3600,604800,Wed Aug 30 14:12:44 PDT 2017,,,3IUZPWIU1PK9UZOU6WRG1S7VDWWKW4,AMBH0DOZ3KVRF,Submitted,Wed Aug 23 14:28:16 PDT 2017,Wed Aug 23 14:38:08 PDT 2017,Wed Aug 30 14:38:08 PDT 2017,,,,592,0% (0/0),0% (0/0),0% (0/0),http://svcl.ucsd.edu/~yingwei/internal/diving_share/firstphase/video_first10/egsanPCCIzQ_005.mp4,"[{""action1"":"""",""action2"":"""",""action3"":"""",""action4"":"""",""athelete_name"":"""",""cam_view"":"""",""position"":"""",""slow_motion"":false,""start_time"":-1,""stop_time"":-1,""dive"":"""",""difficulty"":0,""comment"":"""",""score_time"":-1,""exe_score"":"""",""instances"":[{""cam_view"":""side"",""slow_motion"":false,""stop_time"":10.71,""start_time"":7.07},{""cam_view"":""side"",""slow_motion"":false,""stop_time"":27.95,""start_time"":22.23},{""cam_view"":""top"",""slow_motion"":false,""stop_time"":34.6,""start_time"":29.11}]}]",x,
3KL228NDMVZAAT001PIWR5QL7KHKGD,3JEJVC0BACP0ACQ5IL1815R6EAPNK8,Record the start time and stop time of all diving actions in a 1min video,Record the start time and stop time of all diving instances in a ~1min video,"video, segmentation, label",$0.05,Wed Aug 23 14:12:44 PDT 2017,5,BatchId:2916360;OriginalHitTemplateId:920937336;,3600,604800,Wed Aug 30 14:12:44 PDT 2017,,,3L6L49WXW1AU3EK7P3HR4B5MWDL450,A1VSFVHC6N3FSB,Submitted,Wed Aug 23 17:06:03 PDT 2017,Wed Aug 23 17:07:20 PDT 2017,Wed Aug 30 17:07:20 PDT 2017,,,,77,0% (0/0),0% (0/0),0% (0/0),http://svcl.ucsd.edu/~yingwei/internal/diving_share/firstphase/video_first10/egsanPCCIzQ_005.mp4,"[{""action1"":"""",""action2"":"""",""action3"":"""",""action4"":"""",""athelete_name"":"""",""cam_view"":"""",""position"":"""",""slow_motion"":false,""start_time"":-1,""stop_time"":-1,""dive"":"""",""difficulty"":0,""comment"":"""",""score_time"":-1,""exe_score"":"""",""instances"":[{""cam_view"":""side"",""slow_motion"":true,""stop_time"":9.31,""start_time"":7.54},{""cam_view"":""side"",""slow_motion"":false,""stop_time"":0,""start_time"":0},{""cam_view"":""side"",""slow_motion"":false,""stop_time"":0,""start_time"":0}]}]",,You only label one or less instance which doesn't meet our demand.
3KL228NDMVZAAT001PIWR5QL7KHKGD,3JEJVC0BACP0ACQ5IL1815R6EAPNK8,Record the start time and stop time of all diving actions in a 1min video,Record the start time and stop time of all diving instances in a ~1min video,"video, segmentation, label",$0.05,Wed Aug 23 14:12:44 PDT 2017,5,BatchId:2916360;OriginalHitTemplateId:920937336;,3600,604800,Wed Aug 30 14:12:44 PDT 2017,,,3L70J4KAZHZ49GFHDA91FQFE14GADQ,A2SWFUEA0QH29B,Submitted,Wed Aug 23 18:03:20 PDT 2017,Wed Aug 23 18:05:11 PDT 2017,Wed Aug 30 18:05:11 PDT 2017,,,,111,0% (0/0),0% (0/0),0% (0/0),http://svcl.ucsd.edu/~yingwei/internal/diving_share/firstphase/video_first10/egsanPCCIzQ_005.mp4,"[{""action1"":"""",""action2"":"""",""action3"":"""",""action4"":"""",""athelete_name"":"""",""cam_view"":"""",""position"":"""",""slow_motion"":false,""start_time"":-1,""stop_time"":-1,""dive"":"""",""difficulty"":0,""comment"":"""",""score_time"":-1,""exe_score"":"""",""instances"":[{""cam_view"":""side"",""slow_motion"":false,""stop_time"":11.44,""start_time"":5.86},{""cam_view"":""front"",""slow_motion"":true,""stop_time"":28.06,""start_time"":21.46},{""cam_view"":""top"",""slow_motion"":true,""stop_time"":34.5,""start_time"":28.18}]}]",x,
3KL228NDMVZAAT001PIWR5QL7KHKGD,3JEJVC0BACP0ACQ5IL1815R6EAPNK8,Record the start time and stop time of all diving actions in a 1min video,Record the start time and stop time of all diving instances in a ~1min video,"video, segmentation, label",$0.05,Wed Aug 23 14:12:44 PDT 2017,5,BatchId:2916360;OriginalHitTemplateId:920937336;,3600,604800,Wed Aug 30 14:12:44 PDT 2017,,,3LWJHTCVCDZTUG0UTC1DTQX4HZCFQ7,A3OZTRVA24QHP,Submitted,Wed Aug 23 15:52:17 PDT 2017,Wed Aug 23 15:54:25 PDT 2017,Wed Aug 30 15:54:25 PDT 2017,,,,128,0% (0/0),0% (0/0),0% (0/0),http://svcl.ucsd.edu/~yingwei/internal/diving_share/firstphase/video_first10/egsanPCCIzQ_005.mp4,"[{""action1"":"""",""action2"":"""",""action3"":"""",""action4"":"""",""athelete_name"":"""",""cam_view"":"""",""position"":"""",""slow_motion"":false,""start_time"":-1,""stop_time"":-1,""dive"":"""",""difficulty"":0,""comment"":"""",""score_time"":-1,""exe_score"":"""",""instances"":[{""cam_view"":""side"",""slow_motion"":false,""stop_time"":11.22,""start_time"":6.28},{""cam_view"":""side"",""slow_motion"":false,""stop_time"":27.65,""start_time"":22.17},{""cam_view"":""side"",""slow_motion"":false,""stop_time"":33.84,""start_time"":28.58}]}]",x,
3KL228NDMVZAAT001PIWR5QL7KHKGD,3JEJVC0BACP0ACQ5IL1815R6EAPNK8,Record the start time and stop time of all diving actions in a 1min video,Record the start time and stop time of all diving instances in a ~1min video,"video, segmentation, label",$0.05,Wed Aug 23 14:12:44 PDT 2017,5,BatchId:2916360;OriginalHitTemplateId:920937336;,3600,604800,Wed Aug 30 14:12:44 PDT 2017,,,3VJ40NV2QJ00S95F9JEYLPH5T77OTL,A34GCR8HT5VWLO,Submitted,Wed Aug 23 17:42:49 PDT 2017,Wed Aug 23 17:46:10 PDT 2017,Wed Aug 30 17:46:10 PDT 2017,,,,201,0% (0/0),0% (0/0),0% (0/0),http://svcl.ucsd.edu/~yingwei/internal/diving_share/firstphase/video_first10/egsanPCCIzQ_005.mp4,"[{""action1"":"""",""action2"":"""",""action3"":"""",""action4"":"""",""athelete_name"":"""",""cam_view"":"""",""position"":"""",""slow_motion"":false,""start_time"":-1,""stop_time"":-1,""dive"":"""",""difficulty"":0,""comment"":"""",""score_time"":-1,""exe_score"":"""",""instances"":[{""cam_view"":""side"",""slow_motion"":false,""stop_time"":10.72,""start_time"":6.05},{""cam_view"":""front"",""slow_motion"":true,""stop_time"":28.08,""start_time"":21.73},{""cam_view"":""top"",""slow_motion"":false,""stop_time"":34.13,""start_time"":28.2}]}]",x,
3OB6JN3A9Q2WP79H2CPO5MWWYYNMRG,3JEJVC0BACP0ACQ5IL1815R6EAPNK8,Record the start time and stop time of all diving actions in a 1min video,Record the start time and stop time of all diving instances in a ~1min video,"video, segmentation, label",$0.05,Wed Aug 23 14:12:44 PDT 2017,5,BatchId:2916360;OriginalHitTemplateId:920937336;,3600,604800,Wed Aug 30 14:12:44 PDT 2017,,,3GU1KF0O4JEIHNNZOX0SAVG9X5SPB2,A3QBQTSZM9XCBT,Submitted,Wed Aug 23 15:27:33 PDT 2017,Wed Aug 23 15:28:30 PDT 2017,Wed Aug 30 15:28:30 PDT 2017,,,,57,0% (0/0),0% (0/0),0% (0/0),http://svcl.ucsd.edu/~yingwei/internal/diving_share/firstphase/video_first10/ZAmJsIcfFOA_005.mp4,"[{""action1"":"""",""action2"":"""",""action3"":"""",""action4"":"""",""athelete_name"":"""",""cam_view"":"""",""position"":"""",""slow_motion"":false,""start_time"":-1,""stop_time"":-1,""dive"":"""",""difficulty"":0,""comment"":"""",""score_time"":-1,""exe_score"":"""",""instances"":[{""cam_view"":""side"",""slow_motion"":false,""stop_time"":33.51,""start_time"":30.03},{""cam_view"":""side"",""slow_motion"":true,""stop_time"":52.59,""start_time"":44.8},{""cam_view"":""top"",""slow_motion"":false,""stop_time"":64.85,""start_time"":60.22}]}]",x,
3OB6JN3A9Q2WP79H2CPO5MWWYYNMRG,3JEJVC0BACP0ACQ5IL1815R6EAPNK8,Record the start time and stop time of all diving actions in a 1min video,Record the start time and stop time of all diving instances in a ~1min video,"video, segmentation, label",$0.05,Wed Aug 23 14:12:44 PDT 2017,5,BatchId:2916360;OriginalHitTemplateId:920937336;,3600,604800,Wed Aug 30 14:12:44 PDT 2017,,,3KWTYT0871GQ1MRSVVG8QS7XIZF5LT,A1VSFVHC6N3FSB,Submitted,Wed Aug 23 16:49:41 PDT 2017,Wed Aug 23 16:51:23 PDT 2017,Wed Aug 30 16:51:23 PDT 2017,,,,102,0% (0/0),0% (0/0),0% (0/0),http://svcl.ucsd.edu/~yingwei/internal/diving_share/firstphase/video_first10/ZAmJsIcfFOA_005.mp4,"[{""action1"":"""",""action2"":"""",""action3"":"""",""action4"":"""",""athelete_name"":"""",""cam_view"":"""",""position"":"""",""slow_motion"":false,""start_time"":-1,""stop_time"":-1,""dive"":"""",""difficulty"":0,""comment"":"""",""score_time"":-1,""exe_score"":"""",""instances"":[{""cam_view"":""side"",""slow_motion"":false,""stop_time"":32.4,""start_time"":30.85},{""cam_view"":""side"",""slow_motion"":false,""stop_time"":0,""start_time"":0},{""cam_view"":""side"",""slow_motion"":false,""stop_time"":0,""start_time"":0}]}]",,You only label one or less instance which doesn't meet our demand.
3OB6JN3A9Q2WP79H2CPO5MWWYYNMRG,3JEJVC0BACP0ACQ5IL1815R6EAPNK8,Record the start time and stop time of all diving actions in a 1min video,Record the start time and stop time of all diving instances in a ~1min video,"video, segmentation, label",$0.05,Wed Aug 23 14:12:44 PDT 2017,5,BatchId:2916360;OriginalHitTemplateId:920937336;,3600,604800,Wed Aug 30 14:12:44 PDT 2017,,,3OJSZ2ATDT9RM12QR1FY7NPWNFF75R,AE67FLJJ73P9V,Submitted,Wed Aug 23 19:37:00 PDT 2017,Wed Aug 23 19:39:45 PDT 2017,Wed Aug 30 19:39:45 PDT 2017,,,,165,0% (0/0),0% (0/0),0% (0/0),http://svcl.ucsd.edu/~yingwei/internal/diving_share/firstphase/video_first10/ZAmJsIcfFOA_005.mp4,"[{""action1"":"""",""action2"":"""",""action3"":"""",""action4"":"""",""athelete_name"":"""",""cam_view"":"""",""position"":"""",""slow_motion"":false,""start_time"":-1,""stop_time"":-1,""dive"":"""",""difficulty"":0,""comment"":"""",""score_time"":-1,""exe_score"":"""",""instances"":[{""cam_view"":""side"",""slow_motion"":false,""stop_time"":33,""start_time"":30},{""cam_view"":""side"",""slow_motion"":true,""stop_time"":52,""start_time"":44},{""cam_view"":""top"",""slow_motion"":true,""stop_time"":104,""start_time"":59}]}]",x,
3OB6JN3A9Q2WP79H2CPO5MWWYYNMRG,3JEJVC0BACP0ACQ5IL1815R6EAPNK8,Record the start time and stop time of all diving actions in a 1min video,Record the start time and stop time of all diving instances in a ~1min video,"video, segmentation, label",$0.05,Wed Aug 23 14:12:44 PDT 2017,5,BatchId:2916360;OriginalHitTemplateId:920937336;,3600,604800,Wed Aug 30 14:12:44 PDT 2017,,,3R3YRB5GRGGQQIQ3Z5ZQPQJ2N4AUAJ,A1KXZAEFL58Z1E,Submitted,Wed Aug 23 17:46:59 PDT 2017,Wed Aug 23 17:53:07 PDT 2017,Wed Aug 30 17:53:07 PDT 2017,,,,368,0% (0/0),0% (0/0),0% (0/0),http://svcl.ucsd.edu/~yingwei/internal/diving_share/firstphase/video_first10/ZAmJsIcfFOA_005.mp4,"[{""action1"":"""",""action2"":"""",""action3"":"""",""action4"":"""",""athelete_name"":"""",""cam_view"":"""",""position"":"""",""slow_motion"":false,""start_time"":-1,""stop_time"":-1,""dive"":"""",""difficulty"":0,""comment"":"""",""score_time"":-1,""exe_score"":"""",""instances"":[{""cam_view"":""side"",""slow_motion"":false,""stop_time"":32,""start_time"":30},{""cam_view"":""side"",""slow_motion"":true,""stop_time"":51,""start_time"":44},{""cam_view"":""top"",""slow_motion"":true,""stop_time"":63,""start_time"":59}]}]",x,
3OB6JN3A9Q2WP79H2CPO5MWWYYNMRG,3JEJVC0BACP0ACQ5IL1815R6EAPNK8,Record the start time and stop time of all diving actions in a 1min video,Record the start time and stop time of all diving instances in a ~1min video,"video, segmentation, label",$0.05,Wed Aug 23 14:12:44 PDT 2017,5,BatchId:2916360;OriginalHitTemplateId:920937336;,3600,604800,Wed Aug 30 14:12:44 PDT 2017,,,3RSDURM96BZAX4RKPBY1OUF647HYEE,A1KRCT93LFL2YY,Submitted,Wed Aug 23 16:30:12 PDT 2017,Wed Aug 23 16:32:15 PDT 2017,Wed Aug 30 16:32:15 PDT 2017,,,,123,0% (0/0),0% (0/0),0% (0/0),http://svcl.ucsd.edu/~yingwei/internal/diving_share/firstphase/video_first10/ZAmJsIcfFOA_005.mp4,"[{""action1"":"""",""action2"":"""",""action3"":"""",""action4"":"""",""athelete_name"":"""",""cam_view"":"""",""position"":"""",""slow_motion"":false,""start_time"":-1,""stop_time"":-1,""dive"":"""",""difficulty"":0,""comment"":"""",""score_time"":-1,""exe_score"":"""",""instances"":[{""cam_view"":""side"",""slow_motion"":false,""stop_time"":32.52,""start_time"":18.09},{""cam_view"":""side"",""slow_motion"":true,""stop_time"":51.28,""start_time"":44.16},{""cam_view"":""top"",""slow_motion"":true,""stop_time"":63.73,""start_time"":60.28}]}]",x,
3K2CEDRACBE95MM961UJ51XEMJKMTT,3JEJVC0BACP0ACQ5IL1815R6EAPNK8,Record the start time and stop time of all diving actions in a 1min video,Record the start time and stop time of all diving instances in a ~1min video,"video, segmentation, label",$0.05,Wed Aug 23 14:12:44 PDT 2017,5,BatchId:2916360;OriginalHitTemplateId:920937336;,3600,604800,Wed Aug 30 14:12:44 PDT 2017,,,35LDD5557BHDPNUG2ULTSU54FUYMKV,A3IDSTX0YIA8G2,Submitted,Wed Aug 23 16:11:18 PDT 2017,Wed Aug 23 16:13:23 PDT 2017,Wed Aug 30 16:13:23 PDT 2017,,,,125,0% (0/0),0% (0/0),0% (0/0),http://svcl.ucsd.edu/~yingwei/internal/diving_share/firstphase/video_first10/cYkUl8MrXgA_087.mp4,"[{""action1"":"""",""action2"":"""",""action3"":"""",""action4"":"""",""athelete_name"":"""",""cam_view"":"""",""position"":"""",""slow_motion"":false,""start_time"":-1,""stop_time"":-1,""dive"":"""",""difficulty"":0,""comment"":"""",""score_time"":-1,""exe_score"":"""",""instances"":[{""cam_view"":""side"",""slow_motion"":false,""stop_time"":6.06,""start_time"":1},{""cam_view"":""side"",""slow_motion"":false,""stop_time"":20.73,""start_time"":15},{""cam_view"":""side"",""slow_motion"":false,""stop_time"":28.06,""start_time"":23}]}]",x,
3K2CEDRACBE95MM961UJ51XEMJKMTT,3JEJVC0BACP0ACQ5IL1815R6EAPNK8,Record the start time and stop time of all diving actions in a 1min video,Record the start time and stop time of all diving instances in a ~1min video,"video, segmentation, label",$0.05,Wed Aug 23 14:12:44 PDT 2017,5,BatchId:2916360;OriginalHitTemplateId:920937336;,3600,604800,Wed Aug 30 14:12:44 PDT 2017,,,3I33IC7ZWGFH66H1GLPKJ7OA4DNA2D,A3OZTRVA24QHP,Submitted,Wed Aug 23 16:00:10 PDT 2017,Wed Aug 23 16:02:11 PDT 2017,Wed Aug 30 16:02:11 PDT 2017,,,,121,0% (0/0),0% (0/0),0% (0/0),http://svcl.ucsd.edu/~yingwei/internal/diving_share/firstphase/video_first10/cYkUl8MrXgA_087.mp4,"[{""action1"":"""",""action2"":"""",""action3"":"""",""action4"":"""",""athelete_name"":"""",""cam_view"":"""",""position"":"""",""slow_motion"":false,""start_time"":-1,""stop_time"":-1,""dive"":"""",""difficulty"":0,""comment"":"""",""score_time"":-1,""exe_score"":"""",""instances"":[{""cam_view"":""side"",""slow_motion"":false,""stop_time"":7.09,""start_time"":3.29},{""cam_view"":""side"",""slow_motion"":true,""stop_time"":23.43,""start_time"":15.13},{""cam_view"":""front"",""slow_motion"":true,""stop_time"":29.34,""start_time"":23.88}]}]",x,
3K2CEDRACBE95MM961UJ51XEMJKMTT,3JEJVC0BACP0ACQ5IL1815R6EAPNK8,Record the start time and stop time of all diving actions in a 1min video,Record the start time and stop time of all diving instances in a ~1min video,"video, segmentation, label",$0.05,Wed Aug 23 14:12:44 PDT 2017,5,BatchId:2916360;OriginalHitTemplateId:920937336;,3600,604800,Wed Aug 30 14:12:44 PDT 2017,,,3K3R2QNK8CGCLZGY7ZLQTV8IHMR9UI,A1VSFVHC6N3FSB,Submitted,Wed Aug 23 16:46:38 PDT 2017,Wed Aug 23 16:47:25 PDT 2017,Wed Aug 30 16:47:25 PDT 2017,,,,47,0% (0/0),0% (0/0),0% (0/0),http://svcl.ucsd.edu/~yingwei/internal/diving_share/firstphase/video_first10/cYkUl8MrXgA_087.mp4,"[{""action1"":"""",""action2"":"""",""action3"":"""",""action4"":"""",""athelete_name"":"""",""cam_view"":"""",""position"":"""",""slow_motion"":false,""start_time"":-1,""stop_time"":-1,""dive"":"""",""difficulty"":0,""comment"":"""",""score_time"":-1,""exe_score"":"""",""instances"":[{""cam_view"":""side"",""slow_motion"":true,""stop_time"":6.2,""start_time"":4.5},{""cam_view"":""side"",""slow_motion"":false,""stop_time"":0,""start_time"":0},{""cam_view"":""side"",""slow_motion"":false,""stop_time"":0,""start_time"":0}]}]",,You only label one or less instance which doesn't meet our demand.
3K2CEDRACBE95MM961UJ51XEMJKMTT,3JEJVC0BACP0ACQ5IL1815R6EAPNK8,Record the start time and stop time of all diving actions in a 1min video,Record the start time and stop time of all diving instances in a ~1min video,"video, segmentation, label",$0.05,Wed Aug 23 14:12:44 PDT 2017,5,BatchId:2916360;OriginalHitTemplateId:920937336;,3600,604800,Wed Aug 30 14:12:44 PDT 2017,,,3NAPMVF0ZXSZN4J39ID09GMK35J27G,A64OWHYGADH5J,Submitted,Wed Aug 23 16:38:30 PDT 2017,Wed Aug 23 16:39:19 PDT 2017,Wed Aug 30 16:39:19 PDT 2017,,,,49,0% (0/0),0% (0/0),0% (0/0),http://svcl.ucsd.edu/~yingwei/internal/diving_share/firstphase/video_first10/cYkUl8MrXgA_087.mp4,"[{""action1"":"""",""action2"":"""",""action3"":"""",""action4"":"""",""athelete_name"":"""",""cam_view"":"""",""position"":"""",""slow_motion"":false,""start_time"":-1,""stop_time"":-1,""dive"":"""",""difficulty"":0,""comment"":"""",""score_time"":-1,""exe_score"":"""",""instances"":[{""cam_view"":""side"",""slow_motion"":false,""stop_time"":6.7,""start_time"":3.23},{""cam_view"":""side"",""slow_motion"":true,""stop_time"":21.36,""start_time"":15.01},{""cam_view"":""front"",""slow_motion"":true,""stop_time"":28.34,""start_time"":24.23}]}]",x,
3K2CEDRACBE95MM961UJ51XEMJKMTT,3JEJVC0BACP0ACQ5IL1815R6EAPNK8,Record the start time and stop time of all diving actions in a 1min video,Record the start time and stop time of all diving instances in a ~1min video,"video, segmentation, label",$0.05,Wed Aug 23 14:12:44 PDT 2017,5,BatchId:2916360;OriginalHitTemplateId:920937336;,3600,604800,Wed Aug 30 14:12:44 PDT 2017,,,3QAPZX2QN5QL5TJJOJSRU1CXVRX200,A1KXZAEFL58Z1E,Submitted,Wed Aug 23 14:43:36 PDT 2017,Wed Aug 23 14:51:04 PDT 2017,Wed Aug 30 14:51:04 PDT 2017,,,,448,0% (0/0),0% (0/0),0% (0/0),http://svcl.ucsd.edu/~yingwei/internal/diving_share/firstphase/video_first10/cYkUl8MrXgA_087.mp4,"[{""action1"":"""",""action2"":"""",""action3"":"""",""action4"":"""",""athelete_name"":"""",""cam_view"":"""",""position"":"""",""slow_motion"":false,""start_time"":-1,""stop_time"":-1,""dive"":"""",""difficulty"":0,""comment"":"""",""score_time"":-1,""exe_score"":"""",""instances"":[{""cam_view"":""side"",""slow_motion"":true,""stop_time"":6,""start_time"":4},{""cam_view"":""side"",""slow_motion"":true,""stop_time"":20,""start_time"":14},{""cam_view"":""front"",""slow_motion"":true,""stop_time"":28,""start_time"":23}]}]",x,
3O71U79SRB28QM9UH1PTVW1SK06MS4,3JEJVC0BACP0ACQ5IL1815R6EAPNK8,Record the start time and stop time of all diving actions in a 1min video,Record the start time and stop time of all diving instances in a ~1min video,"video, segmentation, label",$0.05,Wed Aug 23 14:12:44 PDT 2017,5,BatchId:2916360;OriginalHitTemplateId:920937336;,3600,604800,Wed Aug 30 14:12:44 PDT 2017,,,3FFJ6VRIL21PGEXLDMDJHHJEKNCI09,A1JX27PY35GDFR,Submitted,Wed Aug 23 18:07:38 PDT 2017,Wed Aug 23 18:10:43 PDT 2017,Wed Aug 30 18:10:43 PDT 2017,,,,185,0% (0/0),0% (0/0),0% (0/0),http://svcl.ucsd.edu/~yingwei/internal/diving_share/firstphase/video_first10/cYkUl8MrXgA_018.mp4,"[{""action1"":"""",""action2"":"""",""action3"":"""",""action4"":"""",""athelete_name"":"""",""cam_view"":"""",""position"":"""",""slow_motion"":false,""start_time"":-1,""stop_time"":-1,""dive"":"""",""difficulty"":0,""comment"":"""",""score_time"":-1,""exe_score"":"""",""instances"":[{""cam_view"":""side"",""slow_motion"":false,""stop_time"":11.72,""start_time"":8.55},{""cam_view"":""side"",""slow_motion"":true,""stop_time"":30,""start_time"":21.82},{""cam_view"":""front"",""slow_motion"":true,""stop_time"":39.85,""start_time"":31.75}]}]",x,
3O71U79SRB28QM9UH1PTVW1SK06MS4,3JEJVC0BACP0ACQ5IL1815R6EAPNK8,Record the start time and stop time of all diving actions in a 1min video,Record the start time and stop time of all diving instances in a ~1min video,"video, segmentation, label",$0.05,Wed Aug 23 14:12:44 PDT 2017,5,BatchId:2916360;OriginalHitTemplateId:920937336;,3600,604800,Wed Aug 30 14:12:44 PDT 2017,,,3FTF2T8WLSVPD3532Z0RBJTF2219WG,A3OZTRVA24QHP,Submitted,Wed Aug 23 16:21:26 PDT 2017,Wed Aug 23 16:23:00 PDT 2017,Wed Aug 30 16:23:00 PDT 2017,,,,94,0% (0/0),0% (0/0),0% (0/0),http://svcl.ucsd.edu/~yingwei/internal/diving_share/firstphase/video_first10/cYkUl8MrXgA_018.mp4,"[{""action1"":"""",""action2"":"""",""action3"":"""",""action4"":"""",""athelete_name"":"""",""cam_view"":"""",""position"":"""",""slow_motion"":false,""start_time"":-1,""stop_time"":-1,""dive"":"""",""difficulty"":0,""comment"":"""",""score_time"":-1,""exe_score"":"""",""instances"":[{""cam_view"":""side"",""slow_motion"":false,""stop_time"":12.11,""start_time"":7.98},{""cam_view"":""side"",""slow_motion"":true,""stop_time"":31.08,""start_time"":21.51},{""cam_view"":""front"",""slow_motion"":true,""stop_time"":40.12,""start_time"":31.83}]}]",x,
3O71U79SRB28QM9UH1PTVW1SK06MS4,3JEJVC0BACP0ACQ5IL1815R6EAPNK8,Record the start time and stop time of all diving actions in a 1min video,Record the start time and stop time of all diving instances in a ~1min video,"video, segmentation, label",$0.05,Wed Aug 23 14:12:44 PDT 2017,5,BatchId:2916360;OriginalHitTemplateId:920937336;,3600,604800,Wed Aug 30 14:12:44 PDT 2017,,,3HUTX6F6VV068AB2Q4U2K28FTUU2O7,A1VSFVHC6N3FSB,Submitted,Wed Aug 23 17:13:27 PDT 2017,Wed Aug 23 17:14:06 PDT 2017,Wed Aug 30 17:14:06 PDT 2017,,,,39,0% (0/0),0% (0/0),0% (0/0),http://svcl.ucsd.edu/~yingwei/internal/diving_share/firstphase/video_first10/cYkUl8MrXgA_018.mp4,"[{""action1"":"""",""action2"":"""",""action3"":"""",""action4"":"""",""athelete_name"":"""",""cam_view"":"""",""position"":"""",""slow_motion"":false,""start_time"":-1,""stop_time"":-1,""dive"":"""",""difficulty"":0,""comment"":"""",""score_time"":-1,""exe_score"":"""",""instances"":[{""cam_view"":""side"",""slow_motion"":true,""stop_time"":10.9,""start_time"":8.96},{""cam_view"":""side"",""slow_motion"":false,""stop_time"":0,""start_time"":0},{""cam_view"":""side"",""slow_motion"":false,""stop_time"":0,""start_time"":0}]}]",,You only label one or less instance which doesn't meet our demand.
3O71U79SRB28QM9UH1PTVW1SK06MS4,3JEJVC0BACP0ACQ5IL1815R6EAPNK8,Record the start time and stop time of all diving actions in a 1min video,Record the start time and stop time of all diving instances in a ~1min video,"video, segmentation, label",$0.05,Wed Aug 23 14:12:44 PDT 2017,5,BatchId:2916360;OriginalHitTemplateId:920937336;,3600,604800,Wed Aug 30 14:12:44 PDT 2017,,,3P529IW9KZYI3JKH17THC4YA7TVFLO,A34GCR8HT5VWLO,Submitted,Wed Aug 23 18:08:04 PDT 2017,Wed Aug 23 18:10:19 PDT 2017,Wed Aug 30 18:10:19 PDT 2017,,,,135,0% (0/0),0% (0/0),0% (0/0),http://svcl.ucsd.edu/~yingwei/internal/diving_share/firstphase/video_first10/cYkUl8MrXgA_018.mp4,"[{""action1"":"""",""action2"":"""",""action3"":"""",""action4"":"""",""athelete_name"":"""",""cam_view"":"""",""position"":"""",""slow_motion"":false,""start_time"":-1,""stop_time"":-1,""dive"":"""",""difficulty"":0,""comment"":"""",""score_time"":-1,""exe_score"":"""",""instances"":[{""cam_view"":""side"",""slow_motion"":false,""stop_time"":12.04,""start_time"":4.85},{""cam_view"":""side"",""slow_motion"":true,""stop_time"":31.72,""start_time"":21.77},{""cam_view"":""front"",""slow_motion"":true,""stop_time"":40.21,""start_time"":31.72}]}]",x,
3O71U79SRB28QM9UH1PTVW1SK06MS4,3JEJVC0BACP0ACQ5IL1815R6EAPNK8,Record the start time and stop time of all diving actions in a 1min video,Record the start time and stop time of all diving instances in a ~1min video,"video, segmentation, label",$0.05,Wed Aug 23 14:12:44 PDT 2017,5,BatchId:2916360;OriginalHitTemplateId:920937336;,3600,604800,Wed Aug 30 14:12:44 PDT 2017,,,3QL2OFSM97V1O73SMIJVHQHWFB3CNC,A1KXZAEFL58Z1E,Submitted,Wed Aug 23 17:59:08 PDT 2017,Wed Aug 23 18:04:27 PDT 2017,Wed Aug 30 18:04:27 PDT 2017,,,,319,0% (0/0),0% (0/0),0% (0/0),http://svcl.ucsd.edu/~yingwei/internal/diving_share/firstphase/video_first10/cYkUl8MrXgA_018.mp4,"[{""action1"":"""",""action2"":"""",""action3"":"""",""action4"":"""",""athelete_name"":"""",""cam_view"":"""",""position"":"""",""slow_motion"":false,""start_time"":-1,""stop_time"":-1,""dive"":"""",""difficulty"":0,""comment"":"""",""score_time"":-1,""exe_score"":"""",""instances"":[{""cam_view"":""side"",""slow_motion"":false,""stop_time"":11,""start_time"":8},{""cam_view"":""side"",""slow_motion"":true,""stop_time"":28,""start_time"":22},{""cam_view"":""front"",""slow_motion"":true,""stop_time"":38,""start_time"":32}]}]",x,
3E6L1VR4XWZXXEJGO1IDZ1LR5AXF64,3JEJVC0BACP0ACQ5IL1815R6EAPNK8,Record the start time and stop time of all diving actions in a 1min video,Record the start time and stop time of all diving instances in a ~1min video,"video, segmentation, label",$0.05,Wed Aug 23 14:12:44 PDT 2017,5,BatchId:2916360;OriginalHitTemplateId:920937336;,3600,604800,Wed Aug 30 14:12:44 PDT 2017,,,3HSYG7LRBKBIZZUDHI8DDHD0QP9KKU,AE67FLJJ73P9V,Submitted,Wed Aug 23 19:34:40 PDT 2017,Wed Aug 23 19:36:56 PDT 2017,Wed Aug 30 19:36:56 PDT 2017,,,,136,0% (0/0),0% (0/0),0% (0/0),http://svcl.ucsd.edu/~yingwei/internal/diving_share/firstphase/video_first10/D6zILEKIJbk_001.mp4,"[{""action1"":"""",""action2"":"""",""action3"":"""",""action4"":"""",""athelete_name"":"""",""cam_view"":"""",""position"":"""",""slow_motion"":false,""start_time"":-1,""stop_time"":-1,""dive"":"""",""difficulty"":0,""comment"":"""",""score_time"":-1,""exe_score"":"""",""instances"":[{""cam_view"":""side"",""slow_motion"":false,""stop_time"":19,""start_time"":17},{""cam_view"":""side"",""slow_motion"":true,""stop_time"":36,""start_time"":29},{""cam_view"":""top"",""slow_motion"":true,""stop_time"":41,""start_time"":37}]}]",x,
3E6L1VR4XWZXXEJGO1IDZ1LR5AXF64,3JEJVC0BACP0ACQ5IL1815R6EAPNK8,Record the start time and stop time of all diving actions in a 1min video,Record the start time and stop time of all diving instances in a ~1min video,"video, segmentation, label",$0.05,Wed Aug 23 14:12:44 PDT 2017,5,BatchId:2916360;OriginalHitTemplateId:920937336;,3600,604800,Wed Aug 30 14:12:44 PDT 2017,,,3I7DHKZYGOD41UHW9KDAVF2DL3T5FO,A1VSFVHC6N3FSB,Submitted,Wed Aug 23 16:47:26 PDT 2017,Wed Aug 23 16:48:16 PDT 2017,Wed Aug 30 16:48:16 PDT 2017,,,,50,0% (0/0),0% (0/0),0% (0/0),http://svcl.ucsd.edu/~yingwei/internal/diving_share/firstphase/video_first10/D6zILEKIJbk_001.mp4,"[{""action1"":"""",""action2"":"""",""action3"":"""",""action4"":"""",""athelete_name"":"""",""cam_view"":"""",""position"":"""",""slow_motion"":false,""start_time"":-1,""stop_time"":-1,""dive"":"""",""difficulty"":0,""comment"":"""",""score_time"":-1,""exe_score"":"""",""instances"":[{""cam_view"":""side"",""slow_motion"":true,""stop_time"":18.13,""start_time"":17.1},{""cam_view"":""side"",""slow_motion"":false,""stop_time"":0,""start_time"":0},{""cam_view"":""side"",""slow_motion"":false,""stop_time"":0,""start_time"":0}]}]",,You only label one or less instance which doesn't meet our demand.
3E6L1VR4XWZXXEJGO1IDZ1LR5AXF64,3JEJVC0BACP0ACQ5IL1815R6EAPNK8,Record the start time and stop time of all diving actions in a 1min video,Record the start time and stop time of all diving instances in a ~1min video,"video, segmentation, label",$0.05,Wed Aug 23 14:12:44 PDT 2017,5,BatchId:2916360;OriginalHitTemplateId:920937336;,3600,604800,Wed Aug 30 14:12:44 PDT 2017,,,3JW0YLFXRUT0PZIBVAAJP31Q03PWWW,A1KXZAEFL58Z1E,Submitted,Wed Aug 23 18:33:06 PDT 2017,Wed Aug 23 18:36:47 PDT 2017,Wed Aug 30 18:36:47 PDT 2017,,,,221,0% (0/0),0% (0/0),0% (0/0),http://svcl.ucsd.edu/~yingwei/internal/diving_share/firstphase/video_first10/D6zILEKIJbk_001.mp4,"[{""action1"":"""",""action2"":"""",""action3"":"""",""action4"":"""",""athelete_name"":"""",""cam_view"":"""",""position"":"""",""slow_motion"":false,""start_time"":-1,""stop_time"":-1,""dive"":"""",""difficulty"":0,""comment"":"""",""score_time"":-1,""exe_score"":"""",""instances"":[{""cam_view"":""side"",""slow_motion"":false,""stop_time"":19,""start_time"":16},{""cam_view"":""side"",""slow_motion"":true,""stop_time"":35,""start_time"":28},{""cam_view"":""side"",""slow_motion"":false,""stop_time"":41,""start_time"":38}]}]",x,
3E6L1VR4XWZXXEJGO1IDZ1LR5AXF64,3JEJVC0BACP0ACQ5IL1815R6EAPNK8,Record the start time and stop time of all diving actions in a 1min video,Record the start time and stop time of all diving instances in a ~1min video,"video, segmentation, label",$0.05,Wed Aug 23 14:12:44 PDT 2017,5,BatchId:2916360;OriginalHitTemplateId:920937336;,3600,604800,Wed Aug 30 14:12:44 PDT 2017,,,3NOKK93PR2LCRZATPAM7HRNQMVCEEF,A3OZTRVA24QHP,Submitted,Wed Aug 23 16:27:48 PDT 2017,Wed Aug 23 16:29:11 PDT 2017,Wed Aug 30 16:29:11 PDT 2017,,,,83,0% (0/0),0% (0/0),0% (0/0),http://svcl.ucsd.edu/~yingwei/internal/diving_share/firstphase/video_first10/D6zILEKIJbk_001.mp4,"[{""action1"":"""",""action2"":"""",""action3"":"""",""action4"":"""",""athelete_name"":"""",""cam_view"":"""",""position"":"""",""slow_motion"":false,""start_time"":-1,""stop_time"":-1,""dive"":"""",""difficulty"":0,""comment"":"""",""score_time"":-1,""exe_score"":"""",""instances"":[{""cam_view"":""side"",""slow_motion"":false,""stop_time"":20.4,""start_time"":14.25},{""cam_view"":""side"",""slow_motion"":true,""stop_time"":36.74,""start_time"":28.25},{""cam_view"":""top"",""slow_motion"":false,""stop_time"":41.84,""start_time"":37.24}]}]",x,
3E6L1VR4XWZXXEJGO1IDZ1LR5AXF64,3JEJVC0BACP0ACQ5IL1815R6EAPNK8,Record the start time and stop time of all diving actions in a 1min video,Record the start time and stop time of all diving instances in a ~1min video,"video, segmentation, label",$0.05,Wed Aug 23 14:12:44 PDT 2017,5,BatchId:2916360;OriginalHitTemplateId:920937336;,3600,604800,Wed Aug 30 14:12:44 PDT 2017,,,3NXNZ5RS1BAANO42URSFJ3UY9BV79F,A1JX27PY35GDFR,Submitted,Wed Aug 23 17:53:40 PDT 2017,Wed Aug 23 18:00:48 PDT 2017,Wed Aug 30 18:00:48 PDT 2017,,,,428,0% (0/0),0% (0/0),0% (0/0),http://svcl.ucsd.edu/~yingwei/internal/diving_share/firstphase/video_first10/D6zILEKIJbk_001.mp4,"[{""action1"":"""",""action2"":"""",""action3"":"""",""action4"":"""",""athelete_name"":"""",""cam_view"":"""",""position"":"""",""slow_motion"":false,""start_time"":-1,""stop_time"":-1,""dive"":"""",""difficulty"":0,""comment"":"""",""score_time"":-1,""exe_score"":"""",""instances"":[{""cam_view"":""side"",""slow_motion"":false,""stop_time"":20.07,""start_time"":14.58},{""cam_view"":""side"",""slow_motion"":true,""stop_time"":36,""start_time"":29.67},{""cam_view"":""side"",""slow_motion"":true,""stop_time"":41.57,""start_time"":37}]}]",x,
3FDWKV9VCNFO5Z1Y66KTAXJG5XRMUK,3JEJVC0BACP0ACQ5IL1815R6EAPNK8,Record the start time and stop time of all diving actions in a 1min video,Record the start time and stop time of all diving instances in a ~1min video,"video, segmentation, label",$0.05,Wed Aug 23 14:12:44 PDT 2017,5,BatchId:2916360;OriginalHitTemplateId:920937336;,3600,604800,Wed Aug 30 14:12:44 PDT 2017,,,32M8BPYGAUZMRI86RO2M296UR4HGIQ,A16ZVF1WVOMLU1,Submitted,Wed Aug 23 14:20:20 PDT 2017,Wed Aug 23 14:23:42 PDT 2017,Wed Aug 30 14:23:42 PDT 2017,,,,202,0% (0/0),0% (0/0),0% (0/0),http://svcl.ucsd.edu/~yingwei/internal/diving_share/firstphase/video_first10/ZAmJsIcfFOA_028.mp4,"[{""action1"":"""",""action2"":"""",""action3"":"""",""action4"":"""",""athelete_name"":"""",""cam_view"":"""",""position"":"""",""slow_motion"":false,""start_time"":-1,""stop_time"":-1,""dive"":"""",""difficulty"":0,""comment"":"""",""score_time"":-1,""exe_score"":"""",""instances"":[{""cam_view"":""side"",""slow_motion"":false,""stop_time"":11.14,""start_time"":7.17},{""cam_view"":""side"",""slow_motion"":true,""stop_time"":25.76,""start_time"":20.58},{""cam_view"":""top"",""slow_motion"":true,""stop_time"":32.43,""start_time"":28.34}]}]",x,
3FDWKV9VCNFO5Z1Y66KTAXJG5XRMUK,3JEJVC0BACP0ACQ5IL1815R6EAPNK8,Record the start time and stop time of all diving actions in a 1min video,Record the start time and stop time of all diving instances in a ~1min video,"video, segmentation, label",$0.05,Wed Aug 23 14:12:44 PDT 2017,5,BatchId:2916360;OriginalHitTemplateId:920937336;,3600,604800,Wed Aug 30 14:12:44 PDT 2017,,,3FQ5JJ512M1J75FGEV0T59U4KKCNK0,A1JX27PY35GDFR,Submitted,Wed Aug 23 18:13:24 PDT 2017,Wed Aug 23 18:18:22 PDT 2017,Wed Aug 30 18:18:22 PDT 2017,,,,298,0% (0/0),0% (0/0),0% (0/0),http://svcl.ucsd.edu/~yingwei/internal/diving_share/firstphase/video_first10/ZAmJsIcfFOA_028.mp4,"[{""action1"":"""",""action2"":"""",""action3"":"""",""action4"":"""",""athelete_name"":"""",""cam_view"":"""",""position"":"""",""slow_motion"":false,""start_time"":-1,""stop_time"":-1,""dive"":"""",""difficulty"":0,""comment"":"""",""score_time"":-1,""exe_score"":"""",""instances"":[{""cam_view"":""side"",""slow_motion"":false,""stop_time"":11.3,""start_time"":7},{""cam_view"":""side"",""slow_motion"":true,""stop_time"":26,""start_time"":19},{""cam_view"":""top"",""slow_motion"":true,""stop_time"":34.6,""start_time"":29}]}]",x,
3FDWKV9VCNFO5Z1Y66KTAXJG5XRMUK,3JEJVC0BACP0ACQ5IL1815R6EAPNK8,Record the start time and stop time of all diving actions in a 1min video,Record the start time and stop time of all diving instances in a ~1min video,"video, segmentation, label",$0.05,Wed Aug 23 14:12:44 PDT 2017,5,BatchId:2916360;OriginalHitTemplateId:920937336;,3600,604800,Wed Aug 30 14:12:44 PDT 2017,,,3IAEQB9FMFX1GTIKEF5TXFC5TN1DWM,A1KXZAEFL58Z1E,Submitted,Wed Aug 23 14:55:50 PDT 2017,Wed Aug 23 14:59:28 PDT 2017,Wed Aug 30 14:59:28 PDT 2017,,,,218,0% (0/0),0% (0/0),0% (0/0),http://svcl.ucsd.edu/~yingwei/internal/diving_share/firstphase/video_first10/ZAmJsIcfFOA_028.mp4,"[{""action1"":"""",""action2"":"""",""action3"":"""",""action4"":"""",""athelete_name"":"""",""cam_view"":"""",""position"":"""",""slow_motion"":false,""start_time"":-1,""stop_time"":-1,""dive"":"""",""difficulty"":0,""comment"":"""",""score_time"":-1,""exe_score"":"""",""instances"":[{""cam_view"":""front"",""slow_motion"":true,""stop_time"":10,""start_time"":8},{""cam_view"":""side"",""slow_motion"":true,""stop_time"":25,""start_time"":19},{""cam_view"":""top"",""slow_motion"":true,""stop_time"":32,""start_time"":28}]}]",x,
3FDWKV9VCNFO5Z1Y66KTAXJG5XRMUK,3JEJVC0BACP0ACQ5IL1815R6EAPNK8,Record the start time and stop time of all diving actions in a 1min video,Record the start time and stop time of all diving instances in a ~1min video,"video, segmentation, label",$0.05,Wed Aug 23 14:12:44 PDT 2017,5,BatchId:2916360;OriginalHitTemplateId:920937336;,3600,604800,Wed Aug 30 14:12:44 PDT 2017,,,3MTMREQS4WV3IMF8U5ER7E4Z8KLAWY,A1VSFVHC6N3FSB,Submitted,Wed Aug 23 17:18:01 PDT 2017,Wed Aug 23 17:18:33 PDT 2017,Wed Aug 30 17:18:33 PDT 2017,,,,32,0% (0/0),0% (0/0),0% (0/0),http://svcl.ucsd.edu/~yingwei/internal/diving_share/firstphase/video_first10/ZAmJsIcfFOA_028.mp4,"[{""action1"":"""",""action2"":"""",""action3"":"""",""action4"":"""",""athelete_name"":"""",""cam_view"":"""",""position"":"""",""slow_motion"":false,""start_time"":-1,""stop_time"":-1,""dive"":"""",""difficulty"":0,""comment"":"""",""score_time"":-1,""exe_score"":"""",""instances"":[{""cam_view"":""front"",""slow_motion"":true,""stop_time"":9.99,""start_time"":8.53},{""cam_view"":""side"",""slow_motion"":false,""stop_time"":0,""start_time"":0},{""cam_view"":""side"",""slow_motion"":false,""stop_time"":0,""start_time"":0}]}]",,You only label one or less instance which doesn't meet our demand.
3FDWKV9VCNFO5Z1Y66KTAXJG5XRMUK,3JEJVC0BACP0ACQ5IL1815R6EAPNK8,Record the start time and stop time of all diving actions in a 1min video,Record the start time and stop time of all diving instances in a ~1min video,"video, segmentation, label",$0.05,Wed Aug 23 14:12:44 PDT 2017,5,BatchId:2916360;OriginalHitTemplateId:920937336;,3600,604800,Wed Aug 30 14:12:44 PDT 2017,,,3ZY8KE4ISKGIQDMKTR6HBC0Q5T2QV8,A3OZTRVA24QHP,Submitted,Wed Aug 23 16:04:17 PDT 2017,Wed Aug 23 16:06:16 PDT 2017,Wed Aug 30 16:06:16 PDT 2017,,,,119,0% (0/0),0% (0/0),0% (0/0),http://svcl.ucsd.edu/~yingwei/internal/diving_share/firstphase/video_first10/ZAmJsIcfFOA_028.mp4,"[{""action1"":"""",""action2"":"""",""action3"":"""",""action4"":"""",""athelete_name"":"""",""cam_view"":"""",""position"":"""",""slow_motion"":false,""start_time"":-1,""stop_time"":-1,""dive"":"""",""difficulty"":0,""comment"":"""",""score_time"":-1,""exe_score"":"""",""instances"":[{""cam_view"":""side"",""slow_motion"":false,""stop_time"":11.23,""start_time"":7.58},{""cam_view"":""side"",""slow_motion"":true,""stop_time"":27.2,""start_time"":18.76},{""cam_view"":""top"",""slow_motion"":true,""stop_time"":34.71,""start_time"":28.36}]}]",x,
3126F2F5F8GD161P8MXGNJR8OE8PE2,3JEJVC0BACP0ACQ5IL1815R6EAPNK8,Record the start time and stop time of all diving actions in a 1min video,Record the start time and stop time of all diving instances in a ~1min video,"video, segmentation, label",$0.05,Wed Aug 23 14:12:44 PDT 2017,5,BatchId:2916360;OriginalHitTemplateId:920937336;,3600,604800,Wed Aug 30 14:12:44 PDT 2017,,,30LSNF239V8WCO0ZS9HX05CTHLW2ID,A2SWFUEA0QH29B,Submitted,Wed Aug 23 17:46:00 PDT 2017,Wed Aug 23 17:49:39 PDT 2017,Wed Aug 30 17:49:39 PDT 2017,,,,219,0% (0/0),0% (0/0),0% (0/0),http://svcl.ucsd.edu/~yingwei/internal/diving_share/firstphase/video_first10/ZAmJsIcfFOA_021.mp4,"[{""action1"":"""",""action2"":"""",""action3"":"""",""action4"":"""",""athelete_name"":"""",""cam_view"":"""",""position"":"""",""slow_motion"":false,""start_time"":-1,""stop_time"":-1,""dive"":"""",""difficulty"":0,""comment"":"""",""score_time"":-1,""exe_score"":"""",""instances"":[{""cam_view"":""side"",""slow_motion"":false,""stop_time"":16.39,""start_time"":11.11},{""cam_view"":""side"",""slow_motion"":true,""stop_time"":33.8,""start_time"":24.57},{""cam_view"":""top"",""slow_motion"":true,""stop_time"":41.17,""start_time"":34.15}]}]",x,
3126F2F5F8GD161P8MXGNJR8OE8PE2,3JEJVC0BACP0ACQ5IL1815R6EAPNK8,Record the start time and stop time of all diving actions in a 1min video,Record the start time and stop time of all diving instances in a ~1min video,"video, segmentation, label",$0.05,Wed Aug 23 14:12:44 PDT 2017,5,BatchId:2916360;OriginalHitTemplateId:920937336;,3600,604800,Wed Aug 30 14:12:44 PDT 2017,,,352YTHGROWQ6J742Q5I0T88C1MA4HF,A3OZTRVA24QHP,Submitted,Wed Aug 23 16:19:54 PDT 2017,Wed Aug 23 16:21:21 PDT 2017,Wed Aug 30 16:21:21 PDT 2017,,,,87,0% (0/0),0% (0/0),0% (0/0),http://svcl.ucsd.edu/~yingwei/internal/diving_share/firstphase/video_first10/ZAmJsIcfFOA_021.mp4,"[{""action1"":"""",""action2"":"""",""action3"":"""",""action4"":"""",""athelete_name"":"""",""cam_view"":"""",""position"":"""",""slow_motion"":false,""start_time"":-1,""stop_time"":-1,""dive"":"""",""difficulty"":0,""comment"":"""",""score_time"":-1,""exe_score"":"""",""instances"":[{""cam_view"":""side"",""slow_motion"":false,""stop_time"":16.71,""start_time"":11.14},{""cam_view"":""side"",""slow_motion"":true,""stop_time"":33.78,""start_time"":25.22},{""cam_view"":""top"",""slow_motion"":true,""stop_time"":41.68,""start_time"":34.28}]}]",x,
3126F2F5F8GD161P8MXGNJR8OE8PE2,3JEJVC0BACP0ACQ5IL1815R6EAPNK8,Record the start time and stop time of all diving actions in a 1min video,Record the start time and stop time of all diving instances in a ~1min video,"video, segmentation, label",$0.05,Wed Aug 23 14:12:44 PDT 2017,5,BatchId:2916360;OriginalHitTemplateId:920937336;,3600,604800,Wed Aug 30 14:12:44 PDT 2017,,,3OVHNO1VE7E5AONPP2P0WJ6NAPMDZT,A1VSFVHC6N3FSB,Submitted,Wed Aug 23 17:19:17 PDT 2017,Wed Aug 23 17:19:56 PDT 2017,Wed Aug 30 17:19:56 PDT 2017,,,,39,0% (0/0),0% (0/0),0% (0/0),http://svcl.ucsd.edu/~yingwei/internal/diving_share/firstphase/video_first10/ZAmJsIcfFOA_021.mp4,"[{""action1"":"""",""action2"":"""",""action3"":"""",""action4"":"""",""athelete_name"":"""",""cam_view"":"""",""position"":"""",""slow_motion"":false,""start_time"":-1,""stop_time"":-1,""dive"":"""",""difficulty"":0,""comment"":"""",""score_time"":-1,""exe_score"":"""",""instances"":[{""cam_view"":""front"",""slow_motion"":true,""stop_time"":15.38,""start_time"":13.57},{""cam_view"":""side"",""slow_motion"":false,""stop_time"":0,""start_time"":0},{""cam_view"":""side"",""slow_motion"":false,""stop_time"":0,""start_time"":0}]}]",,You only label one or less instance which doesn't meet our demand.
3126F2F5F8GD161P8MXGNJR8OE8PE2,3JEJVC0BACP0ACQ5IL1815R6EAPNK8,Record the start time and stop time of all diving actions in a 1min video,Record the start time and stop time of all diving instances in a ~1min video,"video, segmentation, label",$0.05,Wed Aug 23 14:12:44 PDT 2017,5,BatchId:2916360;OriginalHitTemplateId:920937336;,3600,604800,Wed Aug 30 14:12:44 PDT 2017,,,3SB4CE2TJW8I7MKY4AAD9XI6HMPXAC,A64OWHYGADH5J,Submitted,Wed Aug 23 16:39:23 PDT 2017,Wed Aug 23 16:41:20 PDT 2017,Wed Aug 30 16:41:20 PDT 2017,,,,117,0% (0/0),0% (0/0),0% (0/0),http://svcl.ucsd.edu/~yingwei/internal/diving_share/firstphase/video_first10/ZAmJsIcfFOA_021.mp4,"[{""action1"":"""",""action2"":"""",""action3"":"""",""action4"":"""",""athelete_name"":"""",""cam_view"":"""",""position"":"""",""slow_motion"":false,""start_time"":-1,""stop_time"":-1,""dive"":"""",""difficulty"":0,""comment"":"""",""score_time"":-1,""exe_score"":"""",""instances"":[{""cam_view"":""side"",""slow_motion"":false,""stop_time"":15.67,""start_time"":11.27},{""cam_view"":""side"",""slow_motion"":true,""stop_time"":32.72,""start_time"":24.4},{""cam_view"":""top"",""slow_motion"":true,""stop_time"":40,""start_time"":34}]}]",x,
3126F2F5F8GD161P8MXGNJR8OE8PE2,3JEJVC0BACP0ACQ5IL1815R6EAPNK8,Record the start time and stop time of all diving actions in a 1min video,Record the start time and stop time of all diving instances in a ~1min video,"video, segmentation, label",$0.05,Wed Aug 23 14:12:44 PDT 2017,5,BatchId:2916360;OriginalHitTemplateId:920937336;,3600,604800,Wed Aug 30 14:12:44 PDT 2017,,,3X87C8JFV7O2YL5GZW1C0PGJ6PCSQ9,A1KXZAEFL58Z1E,Submitted,Wed Aug 23 18:23:02 PDT 2017,Wed Aug 23 18:26:26 PDT 2017,Wed Aug 30 18:26:26 PDT 2017,,,,204,0% (0/0),0% (0/0),0% (0/0),http://svcl.ucsd.edu/~yingwei/internal/diving_share/firstphase/video_first10/ZAmJsIcfFOA_021.mp4,"[{""action1"":"""",""action2"":"""",""action3"":"""",""action4"":"""",""athelete_name"":"""",""cam_view"":"""",""position"":"""",""slow_motion"":false,""start_time"":-1,""stop_time"":-1,""dive"":"""",""difficulty"":0,""comment"":"""",""score_time"":-1,""exe_score"":"""",""instances"":[{""cam_view"":""side"",""slow_motion"":false,""stop_time"":16,""start_time"":13},{""cam_view"":""side"",""slow_motion"":true,""stop_time"":31,""start_time"":25},{""cam_view"":""top"",""slow_motion"":true,""stop_time"":39,""start_time"":34}]}]",x,
3X878VYTIEVG1EXL7BN55FLN0LHF73,3JEJVC0BACP0ACQ5IL1815R6EAPNK8,Record the start time and stop time of all diving actions in a 1min video,Record the start time and stop time of all diving instances in a ~1min video,"video, segmentation, label",$0.05,Wed Aug 23 14:12:44 PDT 2017,5,BatchId:2916360;OriginalHitTemplateId:920937336;,3600,604800,Wed Aug 30 14:12:44 PDT 2017,,,30BXRYBRP5AIS9NM0BOJO0R3LFCHWH,A2JIX5DT2MAOSO,Submitted,Wed Aug 23 18:05:58 PDT 2017,Wed Aug 23 18:08:16 PDT 2017,Wed Aug 30 18:08:16 PDT 2017,,,,138,0% (0/0),0% (0/0),0% (0/0),http://svcl.ucsd.edu/~yingwei/internal/diving_share/firstphase/video_first10/czXA41QTops_024.mp4,"[{""action1"":"""",""action2"":"""",""action3"":"""",""action4"":"""",""athelete_name"":"""",""cam_view"":"""",""position"":"""",""slow_motion"":false,""start_time"":-1,""stop_time"":-1,""dive"":"""",""difficulty"":0,""comment"":"""",""score_time"":-1,""exe_score"":"""",""instances"":[{""cam_view"":""side"",""slow_motion"":false,""stop_time"":15.02,""start_time"":12.44},{""cam_view"":""side"",""slow_motion"":true,""stop_time"":34.68,""start_time"":27.47},{""cam_view"":""front"",""slow_motion"":true,""stop_time"":40.13,""start_time"":36.04}]}]",x,
3X878VYTIEVG1EXL7BN55FLN0LHF73,3JEJVC0BACP0ACQ5IL1815R6EAPNK8,Record the start time and stop time of all diving actions in a 1min video,Record the start time and stop time of all diving instances in a ~1min video,"video, segmentation, label",$0.05,Wed Aug 23 14:12:44 PDT 2017,5,BatchId:2916360;OriginalHitTemplateId:920937336;,3600,604800,Wed Aug 30 14:12:44 PDT 2017,,,384PI804XTEEAS0HIY7XLJP1TLCS09,A1VSFVHC6N3FSB,Submitted,Wed Aug 23 17:05:07 PDT 2017,Wed Aug 23 17:06:02 PDT 2017,Wed Aug 30 17:06:02 PDT 2017,,,,55,0% (0/0),0% (0/0),0% (0/0),http://svcl.ucsd.edu/~yingwei/internal/diving_share/firstphase/video_first10/czXA41QTops_024.mp4,"[{""action1"":"""",""action2"":"""",""action3"":"""",""action4"":"""",""athelete_name"":"""",""cam_view"":"""",""position"":"""",""slow_motion"":false,""start_time"":-1,""stop_time"":-1,""dive"":"""",""difficulty"":0,""comment"":"""",""score_time"":-1,""exe_score"":"""",""instances"":[{""cam_view"":""side"",""slow_motion"":true,""stop_time"":14.72,""start_time"":13.24},{""cam_view"":""side"",""slow_motion"":false,""stop_time"":0,""start_time"":0},{""cam_view"":""side"",""slow_motion"":false,""stop_time"":0,""start_time"":0}]}]",,You only label one or less instance which doesn't meet our demand.
3X878VYTIEVG1EXL7BN55FLN0LHF73,3JEJVC0BACP0ACQ5IL1815R6EAPNK8,Record the start time and stop time of all diving actions in a 1min video,Record the start time and stop time of all diving instances in a ~1min video,"video, segmentation, label",$0.05,Wed Aug 23 14:12:44 PDT 2017,5,BatchId:2916360;OriginalHitTemplateId:920937336;,3600,604800,Wed Aug 30 14:12:44 PDT 2017,,,3DOCMVPBTORKFB0JB8S9X1B8EFHNN5,A34GCR8HT5VWLO,Submitted,Wed Aug 23 18:14:20 PDT 2017,Wed Aug 23 18:16:04 PDT 2017,Wed Aug 30 18:16:04 PDT 2017,,,,104,0% (0/0),0% (0/0),0% (0/0),http://svcl.ucsd.edu/~yingwei/internal/diving_share/firstphase/video_first10/czXA41QTops_024.mp4,"[{""action1"":"""",""action2"":"""",""action3"":"""",""action4"":"""",""athelete_name"":"""",""cam_view"":"""",""position"":"""",""slow_motion"":false,""start_time"":-1,""stop_time"":-1,""dive"":"""",""difficulty"":0,""comment"":"""",""score_time"":-1,""exe_score"":"""",""instances"":[{""cam_view"":""side"",""slow_motion"":false,""stop_time"":15.89,""start_time"":7.52},{""cam_view"":""side"",""slow_motion"":true,""stop_time"":35.34,""start_time"":27.26},{""cam_view"":""front"",""slow_motion"":true,""stop_time"":41.71,""start_time"":35.96}]}]",x,
3X878VYTIEVG1EXL7BN55FLN0LHF73,3JEJVC0BACP0ACQ5IL1815R6EAPNK8,Record the start time and stop time of all diving actions in a 1min video,Record the start time and stop time of all diving instances in a ~1min video,"video, segmentation, label",$0.05,Wed Aug 23 14:12:44 PDT 2017,5,BatchId:2916360;OriginalHitTemplateId:920937336;,3600,604800,Wed Aug 30 14:12:44 PDT 2017,,,3LO69W1SU4QOHJGCCRZZUPYM88SLGQ,A3OZTRVA24QHP,Submitted,Wed Aug 23 16:33:09 PDT 2017,Wed Aug 23 16:34:37 PDT 2017,Wed Aug 30 16:34:37 PDT 2017,,,,88,0% (0/0),0% (0/0),0% (0/0),http://svcl.ucsd.edu/~yingwei/internal/diving_share/firstphase/video_first10/czXA41QTops_024.mp4,"[{""action1"":"""",""action2"":"""",""action3"":"""",""action4"":"""",""athelete_name"":"""",""cam_view"":"""",""position"":"""",""slow_motion"":false,""start_time"":-1,""stop_time"":-1,""dive"":"""",""difficulty"":0,""comment"":"""",""score_time"":-1,""exe_score"":"""",""instances"":[{""cam_view"":""side"",""slow_motion"":false,""stop_time"":16.17,""start_time"":12.06},{""cam_view"":""side"",""slow_motion"":true,""stop_time"":35.13,""start_time"":27.66},{""cam_view"":""front"",""slow_motion"":true,""stop_time"":41.18,""start_time"":36.29}]}]",x,
3X878VYTIEVG1EXL7BN55FLN0LHF73,3JEJVC0BACP0ACQ5IL1815R6EAPNK8,Record the start time and stop time of all diving actions in a 1min video,Record the start time and stop time of all diving instances in a ~1min video,"video, segmentation, label",$0.05,Wed Aug 23 14:12:44 PDT 2017,5,BatchId:2916360;OriginalHitTemplateId:920937336;,3600,604800,Wed Aug 30 14:12:44 PDT 2017,,,3XIQGXAUMDL0OKM0X7YTZ6GGGEI7XU,A1KXZAEFL58Z1E,Submitted,Wed Aug 23 16:02:48 PDT 2017,Wed Aug 23 16:29:43 PDT 2017,Wed Aug 30 16:29:43 PDT 2017,,,,1615,0% (0/0),0% (0/0),0% (0/0),http://svcl.ucsd.edu/~yingwei/internal/diving_share/firstphase/video_first10/czXA41QTops_024.mp4,"[{""action1"":"""",""action2"":"""",""action3"":"""",""action4"":"""",""athelete_name"":"""",""cam_view"":"""",""position"":"""",""slow_motion"":false,""start_time"":-1,""stop_time"":-1,""dive"":"""",""difficulty"":0,""comment"":"""",""score_time"":-1,""exe_score"":"""",""instances"":[{""cam_view"":""side"",""slow_motion"":false,""stop_time"":15,""start_time"":12},{""cam_view"":""side"",""slow_motion"":true,""stop_time"":35,""start_time"":27},{""cam_view"":""front"",""slow_motion"":true,""stop_time"":40,""start_time"":36}]}]",x,
